-8 0.0833
-5 0.0833
0 0.0833
4 0.0833
7 0.0833

9 0.0833
11 0.0833
6 0.0833
2 0.0833
-1 0.0833
-6 0.0833
-10 0.0833

-12 0.0833
-8 0.0833
-3 0.0833
0 0.0833
4 0.0833
6 0.0833

7 0.0833
2 0.0833
-1 0.0833
-5 0.0833
-10 0.0833
-13 0.0833

-15 0.0833
-12 0.0833
-8 0.0833
4 0.0833
-3 0.0833
0 0.0833

9 0.0833
-12 0.0833
-8 0.0833
4 0.0833
-3 0.0833
0 0.0833
-6 0.0833
-12 0.0833
-8 0.0833
4 0.0833
-3 0.0833
0 0.0833
9 0.0833
-12 0.0833
-5 0.0833
12 0.0833
0 0.0833
4 0.0833
-22 0.0833
-15 0.0833
-12 0.0833
12 0.1
-6 0.12
-3 0.15
0 0.18
4 0.21
6 0.25
4 0.3
11 0.45
9 0.6
7 1.0
