-2 0.19038548752834467
1 0.19038548752834467
-14 0.030952380952380953
3 0.19038548752834467
-7 0.19038548752834467
-2 0.030952380952380953
3 0.19038548752834467
1 0.19038548752834467
3 0.19038548752834467
8 0.19038548752834467
-11 0.030952380952380953
5 0.19038548752834467
-4 0.19038548752834467
1 0.38077097505669

3 0.19038548752834467
1 0.19038548752834467
-16 0.030952380952380953
3 0.19038548752834467
-9 0.19038548752834467
-4 0.030952380952380953
3 0.19038548752834467
5 0.19038548752834467
3 0.19038548752834467
1 0.19038548752834467
-18 0.030952380952380953
-2 0.19038548752834467
-11 0.19038548752834467
-6 0.030952380952380953
-4 0.76154195011338

-21 0.030952380952380953
3 0.19038548752834467
-14 0.030952380952380953
3 0.19038548752834467
-9 0.030952380952380953
3 0.19038548752834467
5 0.19038548752834467
3 0.19038548752834467
1 0.19038548752834467
-18 0.030952380952380953
-2 0.19038548752834467
-11 0.19038548752834467
-6 0.19038548752834467
-2 0.19038548752834467
1 0.38077097505669

-16 0.030952380952380953
3 0.19038548752834467
-9 0.19038548752834467
-4 0.19038548752834467
-9 0.19038548752834467
-4 0.19038548752834467
-9 0.19038548752834467
-16 0.19038548752834467
-9 0.19038548752834467
-4 0.19038548752834467
-4 0.19038548752834467

-2 0.19038548752834467
1 0.19038548752834467
-14 0.030952380952380953
3 0.19038548752834467
-7 0.19038548752834467
-2 0.030952380952380953
3 0.19038548752834467
1 0.19038548752834467
3 0.19038548752834467
8 0.19038548752834467
-11 0.030952380952380953
5 0.19038548752834467
-4 0.19038548752834467
1 0.38077097505669

3 0.19038548752834467
1 0.19038548752834467
-16 0.030952380952380953
3 0.19038548752834467
-9 0.19038548752834467
-4 0.030952380952380953
3 0.19038548752834467
5 0.19038548752834467
3 0.19038548752834467
1 0.19038548752834467
-18 0.030952380952380953
-2 0.19038548752834467
-11 0.19038548752834467
-6 0.030952380952380953
-4 0.76154195011338

-21 0.030952380952380953
3 0.19038548752834467
-14 0.030952380952380953
3 0.19038548752834467
-9 0.030952380952380953
3 0.19038548752834467
5 0.19038548752834467
3 0.19038548752834467
1 0.19038548752834467
-18 0.030952380952380953
-2 0.19038548752834467
-11 0.19038548752834467
-6 0.19038548752834467
-2 0.19038548752834467
1 0.38077097505669

-16 0.030952380952380953
3 0.19038548752834467
-9 0.19038548752834467
-4 0.19038548752834467
-9 0.19038548752834467
-4 0.19038548752834467
-9 0.19038548752834467
-4 1.52308390022676
