-15 0.12
-8 0.12
-8 0.12
-8 0.12
-7 0.12
-8 0.12
-10 0.12
-8 0.12
-8 0.12
-8 0.12
-12 0.12
-8 0.12
-15 0.12
-8 0.12
-8 0.12
-8 0.12
-7 0.12
-8 0.12
-10 0.12
-8 0.12
-8 0.12
-8 0.12
-12 0.12
-8 0.12
-15 0.12
-8 0.12
-8 0.12
-8 0.12
-7 0.12
-8 0.12
-10 0.12
-8 0.12
-8 0.12
-8 0.12
-12 0.12
-8 0.12
-10 0.12
-8 0.12
-13 0.12
-8 0.12
-12 0.12
-8 0.12
-10 0.12
-8 0.12
-13 0.12
-8 0.12
-12 0.12
-8 0.12
-15 0.12
-8 0.12
-8 0.12
-8 0.12
-7 0.12
-8 0.12
-10 0.12
-8 0.12
-8 0.12
-8 0.12
-12 0.12
-8 0.12
-15 0.12
-8 0.12
-8 0.12
-8 0.12
-7 0.12
-8 0.12
-10 0.12
-8 0.12
-8 0.12
-8 0.12
-12 0.12
-8 0.12
-15 0.12
-8 0.12
-8 0.12
-8 0.12
-7 0.12
-8 0.12
-10 0.12
-8 0.12
-8 0.12
-8 0.12
-12 0.12
-8 0.12
-10 0.12
-8 0.12
-13 0.12
-8 0.12
-12 0.12
-8 0.12
-15 0.12
-8 0.12
-17 0.12
-8 0.12
-19 0.12
-8 0.12
-20 0.12
-8 0.12
-8 0.12
-8 0.12
-7 0.12
-8 0.12
-10 0.12
-8 0.12
-8 0.12
-8 0.12
-13 0.12
-8 0.12
-20 0.12
-8 0.12
-8 0.12
-8 0.12
-7 0.12
-8 0.12
-10 0.12
-8 0.12
-8 0.12
-8 0.12
-13 0.12
-8 0.12
-20 0.12
-8 0.12
-13 0.12
-8 0.12
-10 0.12
-8 0.12
-8 0.12
-8 0.12
-7 0.12
-8 0.12
-5 0.12
-8 0.12
-8 0.12
-8 0.12
-7 0.12
-8 0.12
-10 0.12
-8 0.12
-8 0.12
-8 0.12
-12 0.12
-8 0.12
-13 0.12
-8 0.12
-20 0.12
-8 0.12
-8 0.12
-8 0.12
-7 0.12
-8 0.12
-10 0.12
-8 0.12
-8 0.12
-8 0.12
-13 0.12
-8 0.12
-20 0.12
-8 0.12
-8 0.12
-8 0.12
-7 0.12
-8 0.12
-10 0.12
-8 0.12
-8 0.12
-8 0.12
-13 0.12
-8 0.12
-20 0.12
-8 0.12
-10 0.12
-8 0.12
-8 0.12
-8 0.12
-7 0.12
-8 0.12
-5 0.12
-8 0.12
-8 0.12
-8 0.12
-7 0.12
-8 0.12
-10 0.12
-8 0.12
-8 0.12
-8 0.12
-12 0.12
-8 0.12
-10 0.12
-8 0.12
-13 0.12
-8 0.12
-20 0.12
-15 0.08
-8 0.08
4 0.08
-8 0.08
-8 0.08
4 0.08
-7 0.08
-8 0.08
4 0.08
-10 0.08
-8 0.08
4 0.08
-8 0.08
-8 0.08
4 0.08
-12 0.08
-8 0.08
4 0.08
-15 0.08
-8 0.08
4 0.08
-8 0.08
-8 0.08
4 0.08
-7 0.08
-8 0.08
4 0.08
-10 0.08
-8 0.08
4 0.08
-8 0.08
-8 0.08
4 0.08
-12 0.08
-8 0.08
4 0.08
-15 0.08
-8 0.08
4 0.08
-8 0.08
-8 0.08
4 0.08
-7 0.08
-8 0.08
4 0.08
-10 0.08
-8 0.08
4 0.08
-8 0.08
-8 0.08
4 0.08
-12 0.08
-8 0.08
4 0.08
-10 0.08
-8 0.08
4 0.08
-13 0.08
-8 0.08
4 0.08
-12 0.08
-8 0.08
4 0.08
-10 0.08
-8 0.08
4 0.08
-13 0.08
-8 0.08
4 0.08
-12 0.08
-8 0.08
4 0.08
-15 0.08
-8 0.08
4 0.08
-8 0.08
-8 0.08
4 0.08
-7 0.08
-8 0.08
4 0.08
-10 0.08
-8 0.08
4 0.08
-8 0.08
-8 0.08
4 0.08
-12 0.08
-8 0.08
4 0.08

-15 0.08
-8 0.08
4 0.08
-8 0.08
-8 0.08
4 0.08
-7 0.08
-8 0.08
4 0.08
-10 0.08
-8 0.08
4 0.08
-8 0.08
-8 0.08
4 0.08
-12 0.08
-8 0.08
4 0.08
-15 0.08
-8 0.08
4 0.08
-8 0.08
-8 0.08
4 0.08
-7 0.08
-8 0.08
4 0.08
-10 0.08
-8 0.08
4 0.08
-8 0.08
-8 0.08
4 0.08
-12 0.08
-8 0.08
4 0.08
-10 0.08
-8 0.08
4 0.08
-13 0.08
-8 0.08
4 0.08
-12 0.08
-8 0.08
4 0.08
-15 0.08
-8 0.08
4 0.08
-17 0.08
-8 0.08
4 0.08
-19 0.08
-8 0.08
4 0.08

-20 0.03
-13 0.02
-8 0.03
-4 0.02
-1 0.02
4 0.08
58 0.04
-8 0.08
-8 0.08
-8 0.08
-7 0.08
-8 0.08
-8 0.08
-10 0.08
-8 0.08
-8 0.08
-8 0.08
-8 0.08
-8 0.08
-13 0.08
-8 0.08
-8 0.08
-20 0.03
-13 0.02
-8 0.03
-4 0.02
-1 0.02
4 0.08
58 0.04
-8 0.08
-8 0.08
-8 0.08
-7 0.08
-8 0.08
-8 0.08
-10 0.08
-8 0.08
-8 0.08
-8 0.08
-8 0.08
-8 0.08
-13 0.08
-8 0.08
-8 0.08
-20 0.03
-13 0.02
-8 0.03
-4 0.02
-1 0.02
4 0.08
58 0.04
-13 0.08
-8 0.08
-8 0.08
-10 0.08
-8 0.08
-8 0.08
-8 0.08
-8 0.08
-8 0.08
-7 0.08
-8 0.08
-8 0.08
-5 0.08
-8 0.08
-8 0.08
-8 0.08
-8 0.08
-8 0.08
-7 0.08
-8 0.08
-8 0.08
-10 0.08
-8 0.08
-8 0.08
-8 0.08
-8 0.08
-8 0.08
-12 0.08
-8 0.08
-8 0.08
-13 0.08
-8 0.08
-8 0.08
-20 0.03
-13 0.02
-8 0.03
-4 0.02
-1 0.02
4 0.08
58 0.04
-8 0.08
-8 0.08
-8 0.08
-7 0.08
-8 0.08
-8 0.08
-10 0.08
-8 0.08
-8 0.08
-8 0.08
-8 0.08
-8 0.08
-13 0.08
-8 0.08
-8 0.08
-20 0.03
-13 0.02
-8 0.03
-4 0.02
-1 0.02
4 0.08
58 0.04
-8 0.08
-8 0.08
-8 0.08
-7 0.08
-8 0.08
-8 0.08
-10 0.08
-8 0.08
-8 0.08
-8 0.08
-8 0.08
-8 0.08
-13 0.08
-8 0.08
-8 0.08
-20 0.03
-13 0.02
-8 0.03
-4 0.02
-1 0.02
4 0.08
58 0.04
-13 0.08
-8 0.08
-8 0.08
-10 0.08
-8 0.08
-8 0.08
-8 0.08
-8 0.08
-8 0.08
-7 0.08
-8 0.08
-8 0.08
-5 0.08
-8 0.08
-8 0.08
-8 0.08
-8 0.08
-8 0.08
-7 0.08
-8 0.08
-8 0.08
-10 0.08
-8 0.08
-8 0.08
-8 0.08
-8 0.08
-8 0.08
-12 0.08
-8 0.08
-8 0.08
-8 0.08
-8 0.08
-8 0.08

-24 0.03
-12 0.02
-8 0.02
-3 0.02
9 0.06
58 0.09
-8 0.08
-8 0.08
-8 0.08
-7 0.08
-8 0.08
-8 0.08
-10 0.08
-8 0.08
-8 0.08
-8 0.08
-8 0.08
-8 0.08
-12 0.08
-8 0.08
-8 0.08
-24 0.03
-12 0.02
-8 0.02
-3 0.02
9 0.06
58 0.09
-8 0.08
-8 0.08
-8 0.08
-7 0.08
-8 0.08
-8 0.08
-10 0.08
-8 0.08
-8 0.08
-8 0.08
-8 0.08
-8 0.08
-12 0.08
-8 0.08
-8 0.08
-24 0.03
-12 0.02
-8 0.02
-3 0.02
9 0.06
58 0.09
-8 0.08
-8 0.08
-8 0.08
-7 0.08
-8 0.08
-8 0.08
-10 0.08
-8 0.08
-8 0.08
-8 0.08
-8 0.08
-8 0.08
-12 0.08
-8 0.08
-8 0.08
-10 0.08
-8 0.08
-8 0.08
-13 0.08
-8 0.08
-8 0.08
-12 0.08
-8 0.08
-8 0.08
-10 0.08
-8 0.08
-8 0.08
-13 0.08
-8 0.08
-8 0.08
-12 0.08
-8 0.08
-8 0.08

-19 0.03
-12 0.02
-9 0.02
-3 0.02
0 0.02
9 0.06
58 0.07
-7 0.08
-3 0.08
5 0.08
-5 0.08
-3 0.08
5 0.08
-8 0.08
-3 0.08
5 0.08
-7 0.08
-3 0.08
5 0.08
-12 0.08
-3 0.08
5 0.08
-19 0.03
-12 0.02
-9 0.02
-3 0.02
0 0.02
9 0.06
58 0.07
-7 0.08
-3 0.08
5 0.08
-5 0.08
-3 0.08
5 0.08
-8 0.08
-3 0.08
5 0.08
-7 0.08
-3 0.08
5 0.08
-12 0.08
-3 0.08
5 0.08
-19 0.03
-12 0.02
-9 0.02
-3 0.02
0 0.02
9 0.06
58 0.07
-7 0.08
-3 0.08
5 0.08
-5 0.08
-3 0.08
5 0.08
-8 0.08
-3 0.08
5 0.08
-7 0.08
-3 0.08
5 0.08
-12 0.08
-3 0.08
5 0.08
-10 0.08
-1 0.08
5 0.08
-13 0.08
-1 0.08
5 0.08
-12 0.08
-1 0.08
5 0.08
-10 0.08
-1 0.08
5 0.08
-15 0.08
-1 0.08
5 0.08
-13 0.08
-1 0.08
5 0.08

-8 0.03
-4 0.02
-1 0.02
4 0.08
58 0.04
-8 0.08
-4 0.08
4 0.08
-7 0.08
-4 0.08
4 0.08
-9 0.08
-4 0.08
4 0.08
-8 0.08
-4 0.08
4 0.08
-13 0.08
-4 0.08
4 0.08
-19 0.03
-12 0.02
-9 0.02
-3 0.02
0 0.02
9 0.06
58 0.07
-7 0.08
-3 0.08
5 0.08
-5 0.08
-3 0.08
5 0.08
-8 0.08
-3 0.08
5 0.08
-7 0.08
-3 0.08
5 0.08
-12 0.08
-3 0.08
5 0.08
-8 0.03
-4 0.02
-1 0.02
4 0.08
58 0.04
-8 0.08
-4 0.08
4 0.08
-7 0.08
-4 0.08
4 0.08
-9 0.08
-4 0.08
4 0.08
-8 0.08
-4 0.08
4 0.08
-13 0.08
-4 0.08
4 0.08
-19 0.03
-12 0.02
-9 0.02
-3 0.02
0 0.02
9 0.06
58 0.07
-7 0.08
-3 0.08
5 0.08
-5 0.08
-3 0.08
5 0.08
-8 0.08
-3 0.08
5 0.08
-7 0.08
-3 0.08
5 0.08
-12 0.08
-3 0.08
5 0.08
-8 0.03
-4 0.02
-1 0.02
4 0.08
58 0.04
-8 0.08
-8 0.08
4 0.08
-7 0.08
-8 0.08
4 0.08
-10 0.08
-8 0.08
4 0.08
-8 0.08
-8 0.08
4 0.08
-12 0.08
-8 0.08
4 0.08
-10 0.08
-8 0.08
4 0.08
-13 0.08
-8 0.08
4 0.08
-12 0.08
-8 0.08
4 0.08
-10 0.08
-8 0.08
4 0.08
-13 0.08
-8 0.08
4 0.08
-12 0.08
-8 0.08
4 0.08
-15 0.08
-8 0.08
4 0.08
-13 0.08
-8 0.08
4 0.08
-12 0.08
-8 0.08
4 0.08
-10 0.08
-8 0.08
4 0.08
-13 0.08
-8 0.08
4 0.08
-12 0.08
-8 0.08
4 0.08
-15 0.08
-8 0.08
4 0.08
-13 0.08
-8 0.08
4 0.08
-12 0.08
-8 0.08
4 0.08
-15 0.08
-8 0.08
4 0.08
-17 0.08
-8 0.08
4 0.08
-19 0.08
-8 0.08
4 0.08

-20 0.12
-8 0.12
-8 0.12
-8 0.12
-7 0.12
-8 0.12
-10 0.12
-8 0.12
-8 0.12
-8 0.12
-12 0.12
-8 0.12
-10 0.12
-8 0.12
-13 0.12
-8 0.12
-12 0.12
-8 0.12
-10 0.12
-8 0.12
-13 0.12
-8 0.12
-12 0.12
-8 0.12
-15 0.12
-8 0.12
-13 0.12
-8 0.12
-12 0.12
-8 0.12
-10 0.12
-8 0.12
-13 0.12
-8 0.12
-12 0.12
-8 0.12
-15 0.12
-8 0.12
-13 0.12
-8 0.12
-12 0.12
-8 0.12
-15 0.12
-8 0.12
-17 0.12
-8 0.12
-19 0.12
-8 0.12

-20 0.08
-4 0.08
-1 0.08
-13 0.08
-4 0.08
-1 0.08
-8 0.08
-4 0.08
-1 0.08
-7 0.08
-4 0.08
-1 0.08
-9 0.08
-4 0.08
-1 0.08
-8 0.08
-4 0.08
-1 0.08
-20 0.08
0 0.08
-3 0.08
-12 0.08
0 0.08
-3 0.08
-7 0.08
0 0.08
-3 0.08
-5 0.08
0 0.08
-3 0.08
-8 0.08
0 0.08
-3 0.08
-7 0.08
0 0.08
-3 0.08
-20 0.08
-4 0.08
-1 0.08
-13 0.08
-4 0.08
-1 0.08
-8 0.08
-4 0.08
-1 0.08
-7 0.08
-4 0.08
-1 0.08
-9 0.08
-4 0.08
-1 0.08
-8 0.08
-4 0.08
-1 0.08
-20 0.08
0 0.08
-3 0.08
-12 0.08
0 0.08
-3 0.08
-7 0.08
0 0.08
-3 0.08
-5 0.08
0 0.08
-3 0.08
-8 0.08
0 0.08
-3 0.08
-7 0.08
0 0.08
-3 0.08
-20 0.08
-4 0.08
-1 0.08
-13 0.08
-4 0.08
-1 0.08
-8 0.08
-4 0.08
-1 0.08
-7 0.08
-4 0.08
-1 0.08
-9 0.08
-4 0.08
-1 0.08
-8 0.08
-4 0.08
-1 0.08
-8 0.08
-4 0.08
-1 0.08
-7 0.08
-4 0.08
-1 0.08
-9 0.08
-4 0.08
-1 0.08
-7 0.08
-4 0.08
-1 0.08
-8 0.08
-4 0.08
-1 0.08
-13 0.08
-4 0.08
-1 0.08

-20 0.24
-16 0.12
-16 0.12
-13 0.12
-13 0.12
-8 0.12
-8 0.12
-4 0.12
-4 0.12
-1 0.12
-1 0.12
4 0.12
4 0.12
-4 0.12
-4 0.12
-1 0.12
-1 0.12
4 0.12
4 0.12
8 0.12
8 0.12
11 0.24
4 2.0

679 0.5
