-10 0.2


-3 0.1
-10 0.1

-5 0.1
-3 0.1

-3 0.1
-5 0.1

-7 0.1
-3 0.1

-3 0.1
-7 0.1

-8 0.1
-3 0.1

-3 0.1
-8 0.1

-10 0.1
-3 0.1

-3 0.1
-10 0.1

-5 0.1
-3 0.1

-3 0.1
-5 0.1

-7 0.1
-3 0.1

-3 0.1
-7 0.1

-8 0.1
-3 0.1

-3 0.1
-8 0.1

-14 0.1
-3 0.1

-7 0.1
-14 0.1

-8 0.1
-7 0.1

-7 0.1
-8 0.1

-10 0.1
-7 0.1

-7 0.1
-10 0.1

-12 0.1
-7 0.1

-7 0.1
-12 0.1

-14 0.1
-7 0.1

-7 0.1
-14 0.1

-8 0.1
-7 0.1

-7 0.1
-8 0.1

-10 0.1
-7 0.1

-7 0.1
-10 0.1

-12 0.1
-7 0.1

-7 0.1
-12 0.1

-11 0.1
-7 0.1

-3 0.1
-11 0.1

-5 0.1
-3 0.1

-3 0.1
-5 0.1

-7 0.1
-3 0.1

-3 0.1
-7 0.1

-8 0.1
-3 0.1

-3 0.1
-8 0.1

-10 0.1
-3 0.1

-3 0.1
-10 0.1

-5 0.1
-3 0.1

-3 0.1
-5 0.1

-7 0.1
-3 0.1

-3 0.1
-7 0.1

-8 0.1
-3 0.1

-3 0.1
-8 0.1

-14 0.1
-3 0.1

-7 0.1
-14 0.1

-8 0.1
-7 0.1

-7 0.1
-8 0.1

-10 0.1
-7 0.1

-7 0.1
-10 0.1

-12 0.1
-7 0.1

-7 0.1
-12 0.1

-14 0.1
-7 0.1

-7 0.1
-14 0.1

-8 0.1
-7 0.1

-7 0.1
-8 0.1

-10 0.1
-7 0.1

-7 0.1
-10 0.1

-12 0.1
-7 0.1

-7 0.1
-12 0.1



-3 0.1
-7 0.1

2 0.1
-3 0.1

5 0.1
2 0.1

2 0.1
5 0.1

-3 0.1
2 0.1

2 0.1
-3 0.1

5 0.1
2 0.1

2 0.1
5 0.1

-3 0.1
2 0.1

2 0.1
-3 0.1

5 0.1
2 0.1

2 0.1
5 0.1

-5 0.1
2 0.1

0 0.1
-5 0.1

4 0.1
0 0.1

0 0.1
4 0.1

-3 0.1
0 0.1

2 0.1
-3 0.1

5 0.1
2 0.1

2 0.1
5 0.1

-3 0.1
2 0.1

2 0.1
-3 0.1

5 0.1
2 0.1

2 0.1
5 0.1

-7 0.1
2 0.1

-2 0.1
-7 0.1

2 0.1
-2 0.1

-2 0.1
2 0.1

-5 0.1
-2 0.1

0 0.1
-5 0.1

4 0.1
0 0.1

0 0.1
4 0.1

-3 0.1
0 0.1

2 0.1
-3 0.1

5 0.1
2 0.1

2 0.1
5 0.1

-3 0.1
2 0.1

2 0.1
-3 0.1

5 0.1
2 0.1

2 0.1
5 0.1

-3 0.1
2 0.1

2 0.1
-3 0.1

5 0.1
2 0.1

2 0.1
5 0.1

-5 0.1
2 0.1

0 0.1
-5 0.1

4 0.1
0 0.1

0 0.1
4 0.1

-7 0.1
0 0.1

-2 0.1
-7 0.1

2 0.1
-2 0.1

-2 0.1
2 0.1

-7 0.1
-2 0.1

-2 0.1
-7 0.1

2 0.1
-2 0.1

-2 0.1
2 0.1

-7 0.1
-2 0.1

-2 0.1
-7 0.1

2 0.1
-2 0.1

-2 0.1
2 0.1

-7 0.1
-2 0.1

-2 0.1
-7 0.1

2 0.1
-2 0.1

-2 0.1
2 0.1



-22 0.1
-2 0.1

-19 0.1
-22 0.1

-15 0.1
-19 0.1

-10 0.1
-15 0.1

-12 0.1
-10 0.1

-8 0.1
-12 0.1

-7 0.1
-8 0.1

-3 0.1
-7 0.1


2 0.1
-3 0.1

5 0.1
2 0.1

4 0.1
5 0.1

5 0.1
4 0.1

2 0.1
5 0.1

-3 0.1
2 0.1

-7 0.1
-3 0.1

-10 0.1
-7 0.1


-20 0.1
-10 0.1

-19 0.1
-20 0.1

-20 0.1
-19 0.1

-19 0.1
-20 0.1

-20 0.1
-19 0.1

-22 0.1
-20 0.1

-19 0.1
-22 0.1

-15 0.1
-19 0.1


-10 0.1
-15 0.1

-12 0.1
-10 0.1

-8 0.1
-12 0.1

-7 0.1
-8 0.1

-3 0.1
-7 0.1

2 0.1
-3 0.1

5 0.1
2 0.1

4 0.1
5 0.1


5 0.1
4 0.1

2 0.1
5 0.1

-3 0.1
2 0.1

-7 0.1
-3 0.1

-10 0.1
-7 0.1

-20 0.1
-10 0.1

-19 0.1
-20 0.1

-20 0.1
-19 0.1


-19 0.1
-20 0.1

-20 0.1
-19 0.1

-22 0.1
-20 0.1

-19 0.1
-22 0.1

-15 0.1
-19 0.1

-10 0.1
-15 0.1

-12 0.1
-10 0.1

-8 0.1
-12 0.1


-7 0.1
-8 0.1

-3 0.1
-7 0.1

2 0.1
-3 0.1

4 0.1
2 0.1

5 0.1
4 0.1

9 0.1
5 0.1

5 0.1
9 0.1

4 0.1
5 0.1


5 0.1
4 0.1

9 0.1
5 0.1

5 0.1
9 0.1

4 0.1
5 0.1

9 0.1
4 0.1

7 0.1
9 0.1

5 0.1
7 0.1


4 0.2


0 0.1
4 0.1

-2 0.1
0 0.1

-3 0.1
-2 0.1

-7 0.1
-3 0.1

-8 0.1
-7 0.1

-10 0.1
-8 0.1

-14 0.1
-10 0.1


-15 0.1
-14 0.1

-19 0.1
-15 0.1

-20 0.1
-19 0.1

-22 0.1
-20 0.1

-20 0.1
-22 0.1

-19 0.1
-20 0.1

-15 0.1
-19 0.1

-10 0.1
-15 0.1


-8 0.1
-10 0.1

-7 0.1
-8 0.1

-3 0.1
-7 0.1

2 0.1
-3 0.1

4 0.1
2 0.1

5 0.1
4 0.1

4 0.1
5 0.1

0 0.1
4 0.1


-5 0.1
0 0.1

-7 0.1
-5 0.1

-8 0.1
-7 0.1

-12 0.1
-8 0.1

-7 0.1
-12 0.1

-8 0.1
-7 0.1

-7 0.1
-8 0.1

-5 0.1
-7 0.1


-7 0.1
-5 0.1

-8 0.1
-7 0.1

-12 0.1
-8 0.1

-17 0.1
-12 0.1

-12 0.1
-17 0.1

-12 0.1
-12 0.1


-7 0.2


-8 0.1
-7 0.1

-12 0.1
-8 0.1

-17 0.1
-12 0.1

-19 0.1
-17 0.1

-20 0.1
-19 0.1

-24 0.1
-20 0.1

-19 0.1
-24 0.1

-17 0.1
-19 0.1


-24 0.1
-17 0.1

-22 0.1
-24 0.1

-22 0.1
-22 0.1

-20 0.1
-22 0.1

-19 0.1
-20 0.1

-15 0.1
-19 0.1

-10 0.1
-15 0.1

-8 0.1
-10 0.1


-7 0.1
-8 0.1

-3 0.1
-7 0.1

2 0.1
-3 0.1

0 0.1
2 0.1

-2 0.1
0 0.1

-5 0.1
-2 0.1

-5 0.1
-5 0.1

-5 0.1
-5 0.1


-2 0.1
-5 0.1

-7 0.1
-2 0.1

-8 0.1
-7 0.1

-7 0.1
-8 0.1

-8 0.1
-7 0.1

-10 0.1
-8 0.1

-12 0.1
-10 0.1

-10 0.1
-12 0.1



-3 0.1
-10 0.1

2 0.1
-3 0.1

5 0.1
2 0.1

2 0.1
5 0.1

-3 0.1
2 0.1

2 0.1
-3 0.1

5 0.1
2 0.1

2 0.1
5 0.1

-3 0.1
2 0.1

2 0.1
-3 0.1

5 0.1
2 0.1

2 0.1
5 0.1

-5 0.1
2 0.1

0 0.1
-5 0.1

4 0.1
0 0.1

0 0.1
4 0.1

-3 0.1
0 0.1

2 0.1
-3 0.1

5 0.1
2 0.1

2 0.1
5 0.1

-3 0.1
2 0.1

2 0.1
-3 0.1

5 0.1
2 0.1

2 0.1
5 0.1

-5 0.1
2 0.1

0 0.1
-5 0.1

4 0.1
0 0.1

0 0.1
4 0.1



-5 0.1
0 0.12

0 0.08
-5 0.17

2 0.09
0 0.17

0 0.17
2 0.12

2 0.2
0 0.05

0 0.1
2 0.19

0 0.06
2 0.26

2 0.04
0 0.29

0 0.02
2 0.32

0 0.02
2 0.32

0 0.02
2 0.32

0 0.02
2 0.32

0 0.02
2 0.32

0 0.02
2 0.32

-22 0.4
-15 0.43
-8 0.46
-7 0.49
-3 1.5
2 2.5

-22 0.06
-15 0.06
-8 0.06
-7 0.06
-3 0.06
2 6.0
