-9 0.004
-16 0.004
0 0.004
-4 1.25

-14 0.004
-21 0.004
-5 0.004
-9 1.25

-12 0.004
-19 0.004
-4 0.004
-7 1.25

-12 0.004
-24 0.004
-5 0.004
-9 1.25

-16 0.004
-23 0.004
-7 0.004
-11 1.25

-12 0.004
-21 0.004
-4 0.004
-9 1.25

-16 0.004
-23 0.004
-7 0.004
-11 1.25

-14 0.004
-21 0.004
-5 0.004
-9 1.25

-9 0.004
-16 0.004
0 0.004
-4 1.25

-14 0.004
-21 0.004
-2 0.004
-9 1.25

-12 0.004
-19 0.004
-4 0.004
-7 1.25

-17 0.004
-24 0.004
-9 0.004
-12 1.25

-16 0.004
-23 0.004
-7 0.004
-11 1.25

-16 0.004
-21 0.004
-9 0.004
-12 1.25

-16 0.004
-23 0.004
-7 0.004
-11 1.25

-14 0.004
-21 0.004
-5 0.004
-9 1.25

-9 0.004
-16 0.004
0 0.004
-4 1.25

-2 0.004
-14 0.004
-21 0.004
-9 0.625

-14 0.625


-4 0.004
-7 0.004
-12 0.004
-19 1.25

-5 0.004
-9 0.004
-12 0.004
-24 0.625

-14 0.625

-16 0.004
-23 0.004
-7 0.004
-11 1.25

-9 0.004
-12 0.004
-16 0.004
-21 0.625

-12 0.625

-16 0.004
-23 0.004
-7 0.004
-11 1.25

-14 0.004
-21 0.004
-5 0.004
-9 0.625

-11 0.625

-4 0.004
-9 0.004
-12 0.004
-16 0.3125

-9 0.3125

-16 0.625

-5 0.004
-9 0.004
-21 0.3125

-14 0.3125

-9 0.004
-11 0.625

-4 0.004
-7 0.004
-19 0.3125

-12 0.3125

0 0.004
-7 0.625

3 0.004
0 0.004
-24 0.3125

-5 0.3125

5 0.004
-2 0.004
-9 0.625

1 0.004
-7 0.004
-11 0.625

-4 0.004
-7 0.3125

-11 0.3125

-4 0.004
-9 0.004
-13 0.625

-12 0.625

-2 0.004
-7 0.004
-23 0.625

-4 0.004
-7 0.004
-11 0.625

-4 0.004
-9 0.004
-21 0.3125

-14 0.3125

-4 0.004
-9 0.3125

-5 0.3125

-4 0.004
-12 0.004
-16 0.3125

-5 0.3125

-4 0.004
-9 0.3125

-16 0.3125

-9 0.004
-21 0.3125

-14 0.3125

-5 0.004
-9 0.625

-4 0.004
-7 0.004
-13 0.3125

-12 0.3125

0 0.004
-4 0.004
-7 0.625

3 0.004
-24 0.3125

-5 0.3125

5 0.004
-5 0.004
-5 0.625





1 0.004
-11 0.3125

0 0.3125

-2 0.004
-7 0.3125

1 0.3125

0 0.004
-16 0.3125

-2 0.3125

-4 0.004
-12 0.3125

-5 0.3125

-7 0.004
-11 0.004
-23 0.3125

-16 0.3125

-4 0.004
-7 0.3125

-6 0.3125

-4 0.004
-9 0.004
-21 0.3125

-14 0.3125

-4 0.004
-9 0.3125

-5 0.3125

-4 0.004
-12 0.004
-16 0.3125

-5 0.3125

-4 0.004
-9 0.3125

-12 0.3125

-9 0.004
-21 0.3125

-14 0.3125

-5 0.004
-9 0.625


-4 0.004
-8 0.004
-19 0.3125

-12 0.3125

0 0.004
-4 0.004
-8 0.3125

-4 0.3125

3 0.004
-24 0.3125

-5 0.3125

3 0.004
-9 0.3125

5 0.3125

1 0.004
-11 0.3125

0 0.3125

-2 0.004
-7 0.3125

1 0.3125

0 0.004
-16 0.3125

-2 0.004
-12 0.3125

-4 0.004
-9 0.3125

-5 0.3125

-7 0.004
-11 0.004
-23 0.3125

-9 0.3125

-11 0.3125

-4 0.3125

-4 0.004
-9 0.004
-21 0.3125

-14 0.3125

-4 0.004
-9 0.3125

-5 0.3125


0 0.004
-16 0.3125

-9 0.3125

0 0.004
-4 0.004
-9 0.3125

-4 0.15625

-2 0.15625

-21 0.3125

-9 0.15625

0 0.15625

1 0.15625

0 0.15625

-2 0.004
-9 0.3125

-2 0.004
-19 0.3125

-12 0.15625

-4 0.15625

-7 0.15625

-12 0.15625

-5 0.15625

-4 0.15625

-5 0.004
-24 0.3125

-9 0.15625

-12 0.15625

-16 0.15625

-12 0.15625

-9 0.3125






-7 0.004
-11 0.3125

-7 0.15625

-5 0.15625

-4 0.004
-7 0.625

-16 0.3125
-12 0.3125
-9 0.3125
-12 0.3125

-7 0.004
-11 0.3125

-19 0.3125

-11 0.004
-19 0.15625

-7 0.15625

-4 0.15625

-2 0.15625

-4 0.004
-21 0.3125

-14 0.15625

-9 0.15625

-9 0.15625

-4 0.15625

-2 0.3125


0 0.004
-16 0.3125

-9 0.3125

0 0.004
-4 0.004
-9 0.15625

-2 0.15625

-4 0.15625

-2 0.15625

-21 0.3125

-9 0.15625

0 0.15625

1 0.15625

0 0.15625

-2 0.004
-9 0.3125

-2 0.004
-19 0.3125

-12 0.15625
-4 0.15625
-7 0.15625
-12 0.15625
-5 0.15625
-4 0.15625

-5 0.004
-24 0.3125

-9 0.15625
-12 0.15625
-9 0.625


-7 0.004
-11 0.3125

-11 0.15625
-4 0.15625
-11 0.15625
-7 0.15625

1 0.3125

0 0.004
-16 0.3125

-2 0.004
-12 0.15625
-4 0.15625

-9 0.3125
-16 0.3125

-7 0.004
-11 0.004
-23 0.3125

-16 0.3125

-11 0.004
-23 0.15625
-7 0.15625
-4 0.15625
-2 0.15625

-5 0.004
-21 0.3125

-14 0.15625
-4 0.004
-9 0.15625

-2 0.004
-9 0.625


3 0.004
-16 0.3125

0 0.004
-9 0.15625
1 0.15625
3 0.3125
0 0.004
-9 0.15625
1 0.15625
3 0.004
-21 0.15625
-9 0.15625
-7 0.15625
-5 0.15625
-4 0.15625
-2 0.15625
0 0.004
-14 0.15625
1 0.15625

0 0.004
-19 0.3125
-4 0.004
-12 0.15625
-2 0.15625
0 0.004
-7 0.3125
-12 0.15625
-9 0.15625
-24 0.004
-9 0.15625
-7 0.15625
-9 0.15625
-11 0.15625
-9 0.15625
-4 0.15625
-24 0.004
-5 0.15625
-4 0.15625







-7 0.004
-11 0.3125
-4 0.15625
-5 0.15625
-19 0.004
-7 0.3125
-9 0.15625
-11 0.15625
-16 0.004
-9 0.15625
-11 0.15625
-12 0.15625
-11 0.15625
-9 0.15625
-7 0.15625
-24 0.004
-5 0.15625
-4 0.15625

-7 0.004
-11 0.3125
-4 0.15625
-5 0.15625
-4 0.3125
-5 0.15625
-4 0.15625
-21 0.004
-5 0.15625
-7 0.15625
-14 0.004
-5 0.15625
-4 0.15625
-2 0.15625
0 0.15625
-21 0.004
1 0.15625
3 0.15625

3 0.004
-16 0.3125

0 0.004
-9 0.15625
1 0.15625
3 0.3125
0 0.004
-9 0.15625
1 0.15625
3 0.004
-21 0.15625
-9 0.15625
-7 0.15625
-5 0.15625
-4 0.15625
-2 0.15625
0 0.004
-14 0.15625
1 0.15625

0 0.004
-19 0.3125
-4 0.004
-12 0.15625
-2 0.15625
0 0.004
-7 0.3125
-12 0.15625
-9 0.15625
-24 0.004
-9 0.15625
-7 0.15625
-9 0.15625
-11 0.15625
-9 0.15625
-4 0.15625
-24 0.004
-5 0.15625
-4 0.15625







-7 0.004
-11 0.3125
-4 0.15625
-5 0.15625
-19 0.004
-7 0.3125
-9 0.15625
-11 0.15625
-16 0.004
-9 0.15625
-11 0.15625
-12 0.15625
-11 0.15625
-9 0.15625
-7 0.15625
-24 0.004
-5 0.15625
-4 0.15625

-7 0.004
-11 0.3125
-4 0.15625
-5 0.15625
-4 0.3125
-5 0.15625
-4 0.15625
-21 0.004
-5 0.15625
-7 0.15625
-14 0.004
-5 0.15625
-4 0.15625
-2 0.15625
0 0.15625
-21 0.004
1 0.15625
3 0.15625

3 0.004
-16 0.3125

0 0.004
-9 0.15625
1 0.15625
3 0.3125
0 0.004
-9 0.15625
1 0.15625
3 0.004
-21 0.15625
-9 0.15625
-7 0.15625
-5 0.15625
-4 0.15625
-2 0.15625
0 0.004
-14 0.15625
1 0.15625

0 0.004
-19 0.3125
-4 0.004
-12 0.15625
-2 0.15625
0 0.004
-7 0.3125
-12 0.15625
-9 0.15625
-24 0.004
-9 0.15625
-7 0.15625
-9 0.15625
-11 0.15625
-9 0.15625
-4 0.15625
-24 0.004
-5 0.15625
-4 0.15625







-7 0.004
-11 0.3125
-4 0.15625
-5 0.15625
-19 0.004
-7 0.3125
-9 0.15625
-11 0.15625
-16 0.004
-9 0.15625
-11 0.15625
-12 0.15625
-11 0.15625
-9 0.15625
-7 0.15625
-24 0.004
-5 0.15625
-4 0.15625









-7 0.004
-11 0.3125
-4 0.15625
-5 0.15625
-4 0.3125
-5 0.004
-11 0.15625
-7 0.15625
-21 0.004
-5 0.15625
-4 0.15625
-14 0.004
-2 0.15625
-4 0.15625
-14 0.004
-5 0.15625
-4 0.15625
-7 0.15625
-5 0.15625

-16 0.004
-4 0.4
-12 0.4
-9 0.4
-4 0.4
-21 0.4
-14 0.4
-9 0.4
-5 0.4
-19 0.4
-12 0.4
-7 0.4
-4 0.4
-24 0.4
-17 0.4

-5 0.4
-9 0.4
-11 0.4
-7 0.4
1 0.4
-4 0.4
-16 0.4
-12 0.4
-9 0.4
-4 0.4
-23 0.4
-11 0.4
-7 0.4
-4 0.4
-21 0.4
-14 0.4
-9 0.4
-5 0.4

-24 0.1
-16 0.1
-12 0.1
-9 0.1
-4 2.5


