5 .19
0 .19
-3 .19
5 .19
0 .19
-3 .19
5 .19
0 .19

3 .19
0 .19
-5 .19
3 .19
0 .19
-5 .19
3 .19
0 .19

3 .19
0 .19
-5 .19
3 .19
0 .19
-5 .19
3 .19
0 .19

2 .19
-2 .19
-5 .19
2 .19
-2 .19
-5 .19
2 .38

5 .19
0 .19
-3 .19
5 .19
0 .19
-3 .19
5 .19
0 .19

3 .19
0 .19
-5 .19
3 .19
0 .19
-5 .19
3 .19
0 .19

3 .19
0 .19
-5 .19
3 .19
0 .19
-5 .19
3 .19
0 .19

2 .19
-2 .19
-5 .19
2 .19
-2 .19
-5 .19
2 .38

5 .38
5 .38
5 .38
5 .19
2 .19

3 .19
2 .38
0 .95

3 .38
3 .19
3 .19
3 .57
0 .19

2 .19
0 .38
-2 .57
-7 .38

5 .38
5 .38
5 .38
5 .19
2 .19

3 .19
2 .38
0 .95

3 .57
3 .19
3 .57
0 .19

2 .19
0 .38
-2 .57
-5 .19
-7 .19