11  0.48
11  0.12
10  0.0
10  0.12
11  0.0
11  0.12
10  0.0
10  0.12
11  0.0
11  0.12
6  0.0
6  0.12
9  0.0
9  0.12
7  0.0
7  0.12
4  0.0
4  0.24
-5  0.12
-5  0.12
-1  0.0
-1  0.12
4  0.0
4  0.12
6  0.0
6  0.24
-1  0.12
-1  0.12
3  0.0
3  0.12
6  0.0
6  0.12
7  0.0
7  0.24
-1  0.12
-1  0.12
11  0.0
11  0.12
10  0.0
10  0.12
11  0.0
11  0.12
10  0.0
10  0.12
11  0.0
11  0.12
6  0.0
6  0.12
9  0.0
9  0.12
7  0.0
7  0.12
4  0.0
4  0.24
-5  0.12
-5  0.12
-1  0.0
-1  0.12
4  0.0
4  0.12
6  0.0
6  0.24
-1  0.12
-1  0.12
7  0.0
7  0.12
6  0.0
6  0.12
4  0.0
4  0.24
11  0.24
11  0.12
10  0.0
10  0.12
11  0.0
11  0.12
10  0.0
10  0.12
11  0.0
11  0.12
6  0.0
6  0.12
9  0.0
9  0.12
7  0.0
7  0.12
4  0.0
4  0.24
-5  0.12
-5  0.12
-1  0.0
-1  0.12
4  0.0
4  0.12
6  0.0
6  0.24
-1  0.12
-1  0.12
3  0.0
3  0.12
6  0.0
6  0.12
7  0.0
7  0.24
-1  0.12
-1  0.12
11  0.0
11  0.12
10  0.0
10  0.12
11  0.0
11  0.12
10  0.0
10  0.12
11  0.0
11  0.12
6  0.0
6  0.12
9  0.0
9  0.12
7  0.0
7  0.12
4  0.0
4  0.24
-5  0.12
-5  0.12
-1  0.0
-1  0.12
4  0.0
4  0.12
6  0.0
6  0.24
-1  0.12
-1  0.12
7  0.0
7  0.12
6  0.0
6  0.12
4  0.0
4  0.24
6  0.12
6  0.12
7  0.0
7  0.12
9  0.0
9  0.12
11  0.0
11  0.36
2  0.0
2  0.12
12  0.0
12  0.12
11  0.0
11  0.12
9  0.0
9  0.36
0  0.0
0  0.12
11  0.0
11  0.12
9  0.0
9  0.12
7  0.0
7  0.36
-1  0.0
-1  0.12
9  0.0
9  0.12
7  0.0
7  0.12
6  0.0
6  0.24
-1  0.12
-1  0.12
11  0.0
11  0.09
11  0.27
11  0.12
23  0.0
23  0.09
10  0.27
10  0.12
11  0.0
11  0.09
10  0.27
10  0.12
11  0.0
11  0.12
10  0.0
10  0.12
11  0.0
11  0.12
10  0.0
10  0.12
11  0.0
11  0.12
6  0.0
6  0.12
9  0.0
9  0.12
7  0.0
7  0.12
4  0.0
4  0.24
-5  0.12
-5  0.12
-1  0.0
-1  0.12
4  0.0
4  0.12
6  0.0
6  0.24
-1  0.12
-1  0.12
3  0.0
3  0.12
6  0.0
6  0.12
7  0.0
7  0.24
-1  0.12
-1  0.12
11  0.0
11  0.12
10  0.0
10  0.12
11  0.0
11  0.12
10  0.0
10  0.12
11  0.0
11  0.12
6  0.0
6  0.12
9  0.0
9  0.12
7  0.0
7  0.12
4  0.0
4  0.24
-5  0.12
-5  0.12
-1  0.0
-1  0.12
4  0.0
4  0.12
6  0.0
6  0.24
-1  0.12
-1  0.12
7  0.0
7  0.12
6  0.0
6  0.12
4  0.0
4  0.24
6  0.12
6  0.12
7  0.0
7  0.12
9  0.0
9  0.12
11  0.0
11  0.36
2  0.0
2  0.12
12  0.0
12  0.12
11  0.0
11  0.12
9  0.0
9  0.36
0  0.0
0  0.12
11  0.0
11  0.12
9  0.0
9  0.12
7  0.0
7  0.36
-1  0.0
-1  0.12
9  0.0
9  0.12
7  0.0
7  0.12
6  0.0
6  0.24
-1  0.12
-1  0.12
11  0.0
11  0.09
11  0.27
11  0.12
23  0.0
23  0.09
10  0.27
10  0.12
11  0.0
11  0.09
10  0.27
10  0.12
11  0.0
11  0.12
10  0.0
10  0.12
11  0.0
11  0.12
10  0.0
10  0.12
11  0.0
11  0.12
6  0.0
6  0.12
9  0.0
9  0.12
7  0.0
7  0.12
4  0.0
4  0.24
-5  0.12
-5  0.12
-1  0.0
-1  0.12
4  0.0
4  0.12
6  0.0
6  0.24
-1  0.12
-1  0.12
3  0.0
3  0.12
6  0.0
6  0.12
7  0.0
7  0.24
-1  0.12
-1  0.12
11  0.0
11  0.12
10  0.0
10  0.12
11  0.0
11  0.12
10  0.0
10  0.12
11  0.0
11  0.12
6  0.0
6  0.12
9  0.0
9  0.12
7  0.0
7  0.12
4  0.0
4  0.24
-5  0.12
-5  0.12
-1  0.0
-1  0.12
4  0.0
4  0.12
6  0.0
6  0.24
-1  0.12
-1  0.12
7  0.0
7  0.12
6  0.0
6  0.12
4  0.0
4  0.24
-1  0.12
7  0.0
7  0.09
-1  0.0
0  0.03
7  0.0
7  0.09
0  0.0
-1  0.03
2  0.0
7  0.0
7  0.06
2  0.0
-1  0.0
0  0.0
0  0.03
4  0.0
4  0.03
7  0.0
7  0.48
12  0.0
12  0.18
11  0.0
11  0.058
11  0.002
11  0.24
9  0.0
9  0.24
17  0.0
17  0.18
16  0.0
16  0.058
16  0.002
16  0.12
14  0.0
14  0.12
12  0.0
12  0.12
11  0.0
11  0.12
9  0.0
9  0.12
7  0.0
7  0.12
5  0.0
5  0.24
4  0.0
4  0.21
5  0.0
5  0.03
4  0.0
4  0.06
2  0.0
2  0.06
4  0.0
4  0.06
5  0.0
5  0.06
7  0.0
7  0.48
9  0.0
9  0.12
10  0.0
10  0.12
11  0.0
11  0.36
11  0.0
11  0.12
12  0.0
12  0.12
4  0.0
4  0.12
7  0.0
7  0.48
9  0.0
9  0.18
6  0.0
6  0.06
7  0.0
7  0.06
14  0.0
14  0.06
2  0.0
2  0.06
14  0.0
14  0.06
4  0.0
4  0.06
14  0.0
14  0.06
6  0.0
6  0.06
14  0.0
14  0.06
7  0.0
7  0.06
14  0.0
14  0.06
9  0.0
9  0.06
14  0.0
14  0.06
11  0.0
11  0.06
14  0.0
14  0.06
19  0.0
19  0.06
18  0.0
18  0.06
16  0.0
16  0.06
14  0.0
14  0.06
12  0.0
12  0.06
11  0.0
11  0.06
9  0.0
9  0.06
14  0.0
14  0.06
12  0.0
12  0.06
9  0.0
9  0.06
7  0.0
7  0.06
14  0.0
14  0.06
2  0.0
2  0.06
14  0.0
14  0.06
4  0.0
4  0.06
14  0.0
14  0.06
6  0.0
6  0.06
14  0.0
14  0.06
7  0.0
7  0.06
14  0.0
14  0.06
9  0.0
9  0.06
14  0.0
14  0.06
11  0.0
11  0.06
14  0.0
14  0.06
19  0.0
19  0.06
18  0.0
18  0.06
16  0.0
16  0.06
14  0.0
14  0.06
12  0.0
12  0.06
11  0.0
11  0.06
9  0.0
9  0.06
14  0.0
14  0.06
12  0.0
12  0.06
9  0.0
9  0.06
11  0.0
11  0.06
12  0.0
12  0.06
11  0.0
11  0.06
10  0.0
10  0.06
11  0.0
11  0.06
6  0.0
6  0.06
11  0.0
11  0.06
10  0.0
10  0.06
11  0.0
11  0.06
6  0.0
6  0.06
11  0.0
11  0.06
10  0.0
10  0.06
11  0.0
11  0.36
6  0.0
6  0.12
11  0.0
11  0.12
10  0.0
10  0.12
11  0.0
11  0.36
6  0.0
6  0.12
11  0.0
11  0.09
10  0.27
10  0.12
11  0.0
11  0.09
10  0.27
10  0.12
11  0.0
11  0.12
10  0.0
10  0.12
11  0.0
11  0.12
6  0.0
6  0.12
9  0.0
9  0.12
7  0.0
7  0.12
4  0.0
4  0.24
-5  0.12
-5  0.12
-1  0.0
-1  0.12
4  0.0
4  0.12
6  0.0
6  0.24
-1  0.12
-1  0.12
3  0.0
3  0.12
6  0.0
6  0.12
7  0.0
7  0.24
-1  0.12
-1  0.12
11  0.0
11  0.12
10  0.0
10  0.12
11  0.0
11  0.12
10  0.0
10  0.12
11  0.0
11  0.12
6  0.0
6  0.12
9  0.0
9  0.12
7  0.0
7  0.12
4  0.0
4  0.24
-5  0.12
-5  0.12
-1  0.0
-1  0.12
4  0.0
4  0.12
6  0.0
6  0.24
-1  0.12
-1  0.12
7  0.0
7  0.12
6  0.0
6  0.12
4  0.0
4  0.24
6  0.12
6  0.12
7  0.0
7  0.12
9  0.0
9  0.12
11  0.0
11  0.36
2  0.0
2  0.12
12  0.0
12  0.12
11  0.0
11  0.12
9  0.0
9  0.36
0  0.0
0  0.12
11  0.0
11  0.12
9  0.0
9  0.12
7  0.0
7  0.36
-1  0.0
-1  0.12
9  0.0
9  0.12
7  0.0
7  0.12
6  0.0
6  0.24
-1  0.12
-1  0.12
11  0.0
11  0.09
11  0.27
11  0.12
23  0.0
23  0.09
10  0.27
10  0.12
11  0.0
11  0.09
10  0.27
10  0.12
11  0.0
11  0.12
10  0.0
10  0.12
11  0.0
11  0.12
10  0.0
10  0.12
11  0.0
11  0.12
6  0.0
6  0.12
9  0.0
9  0.12
7  0.0
7  0.12
4  0.0
4  0.24
-5  0.12
-5  0.12
-1  0.0
-1  0.12
4  0.0
4  0.12
6  0.0
6  0.24
-1  0.12
-1  0.12
3  0.0
3  0.12
6  0.0
6  0.12
7  0.0
7  0.24
-1  0.12
-1  0.12
11  0.0
11  0.12
10  0.0
10  0.12
11  0.0
11  0.12
10  0.0
10  0.12
11  0.0
11  0.12
6  0.0
6  0.12
9  0.0
9  0.12
7  0.0
7  0.12
4  0.0
4  0.24
-5  0.12
-5  0.12
-1  0.0
-1  0.12
4  0.0
4  0.12
6  0.0
6  0.24
-1  0.12
-1  0.12
7  0.0
7  0.12
6  0.0
6  0.12
4  0.0
4  0.24
-1  0.48
2  0.0
5  0.0
8  0.0
8  0.72
-1  0.0
2  0.0
5  0.0
0  0.0
4  0.0
9  0.0
9  0.48
4  0.0
0  0.0
8  0.0
11  0.0
11  0.09
8  0.0
9  0.03
12  0.0
12  0.09
9  0.0
3  0.03
9  0.0
12  0.0
12  0.48
9  0.0
3  0.0
3  0.0
9  0.0
12  0.0
12  0.24
9  0.0
3  0.0
4  0.0
7  0.0
11  0.0
11  0.72
7  0.0
4  0.0
0  0.0
9  0.0
9  0.48
0  0.0
-1  0.0
7  0.0
7  0.09
-1  0.0
-3  0.03
6  0.0
6  0.09
-3  0.0
-5  0.03
1  0.0
4  0.0
4  0.48
1  0.0
-5  0.0
-5  0.0
4  0.0
4  0.24
-5  0.0
-5  0.0
4  0.0
4  0.24
-5  0.0
-1  0.0
7  0.0
7  0.24
-1  0.0
-3  0.0
6  0.0
6  0.24
-3  0.0
-5  0.0
4  0.0
4  0.72
-5  0.0
-1  0.0
2  0.0
5  0.0
8  0.0
8  0.72
-1  0.0
2  0.0
5  0.0
0  0.0
4  0.0
9  0.0
9  0.48
4  0.0
0  0.0
8  0.0
11  0.0
11  0.09
8  0.0
9  0.03
12  0.0
12  0.09
9  0.0
9  0.03
12  0.0
12  0.48
9  0.0
9  0.0
12  0.0
12  0.24
9  0.0
9  0.0
12  0.0
12  0.72
9  0.0
2  0.0
10  0.0
10  0.48
2  0.0
0  0.0
9  0.0
9  0.09
0  0.0
-2  0.03
7  0.0
7  0.09
-2  0.0
-3  0.03
0  0.0
5  0.0
5  0.48
0  0.0
-3  0.0
0  0.0
-3  0.0
4  0.0
4  0.24
-3  0.0
0  0.0
0  0.0
-3  0.0
3  0.0
3  0.48
-3  0.0
0  0.0
0  0.0
-3  0.0
3  0.0
3  0.24
-3  0.0
0  0.0
-1  0.0
-5  0.0
4  0.0
4  0.48
-5  0.0
-1  0.0
-1  0.24
6  0.0
6  0.24
-1  0.0
-8  0.48
-8  0.08
-5  0.0
-5  0.08
-1  0.0
-1  0.08
4  0.0
4  0.08
7  0.0
7  0.08
11  0.0
11  0.08
9  0.0
9  0.08
7  0.0
7  0.08
6  0.0
6  0.08
4  0.0
4  0.08
7  0.0
7  0.08
11  0.0
11  0.08
16  0.0
16  0.08
19  0.0
19  0.08
23  0.0
23  0.08
21  0.0
21  0.08
19  0.0
19  0.08
18  0.0
18  0.08
16  0.0
16  0.08
19  0.0
19  0.08
23  0.0
23  0.08
28  0.0
28  0.08
31  0.0
31  0.08
35  0.0
35  0.08
33  0.0
33  0.08
31  0.0
31  0.08
30  0.0
30  0.08
29  0.0
29  0.08
28  0.0
28  0.08
27  0.0
27  0.08
26  0.0
26  0.08
25  0.0
25  0.08
24  0.0
24  0.08
23  0.0
23  0.08
22  0.0
22  0.08
21  0.0
21  0.08
20  0.0
20  0.08
19  0.0
19  0.08
18  0.0
18  0.08
17  0.0
17  0.08
16  0.0
16  0.08
15  0.0
15  0.08
14  0.0
14  0.08
13  0.0
13  0.08
12  0.0
12  0.08
11  0.0
11  0.12
10  0.0
10  0.12
11  0.0
11  0.12
6  0.0
6  0.12
9  0.0
9  0.12
7  0.0
7  0.12
4  0.0
4  0.24
-5  0.12
-5  0.12
-1  0.0
-1  0.12
4  0.0
4  0.12
6  0.0
6  0.24
-1  0.12
-1  0.12
3  0.0
3  0.12
6  0.0
6  0.12
7  0.0
7  0.24
-1  0.12
-1  0.12
11  0.0
11  0.12
10  0.0
10  0.12
11  0.0
11  0.12
10  0.0
10  0.12
11  0.0
11  0.12
6  0.0
6  0.12
9  0.0
9  0.12
7  0.0
7  0.12
4  0.0
4  0.24
-5  0.12
-5  0.12
-1  0.0
-1  0.12
4  0.0
4  0.12
6  0.0
6  0.24
-1  0.12
-1  0.12
7  0.0
7  0.12
6  0.0
6  0.12
4  0.0
4  0.24
6  0.12
6  0.12
7  0.0
7  0.12
9  0.0
9  0.12
11  0.0
11  0.36
2  0.0
2  0.12
12  0.0
12  0.12
11  0.0
11  0.12
9  0.0
9  0.36
0  0.0
0  0.12
11  0.0
11  0.12
9  0.0
9  0.12
7  0.0
7  0.36
-1  0.0
-1  0.12
9  0.0
9  0.12
7  0.0
7  0.12
6  0.0
6  0.24
-1  0.12
-1  0.12
11  0.0
11  0.09
11  0.27
11  0.12
23  0.0
23  0.09
10  0.27
10  0.12
11  0.0
11  0.09
10  0.27
10  0.12
11  0.0
11  0.12
10  0.0
10  0.12
11  0.0
11  0.12
10  0.0
10  0.12
11  0.0
11  0.12
6  0.0
6  0.12
9  0.0
9  0.12
7  0.0
7  0.12
4  0.0
4  0.24
-5  0.12
-5  0.12
-1  0.0
-1  0.12
4  0.0
4  0.12
6  0.0
6  0.24
-1  0.12
-1  0.12
3  0.0
3  0.12
6  0.0
6  0.12
7  0.0
7  0.24
-1  0.12
-1  0.12
11  0.0
11  0.12
10  0.0
10  0.12
11  0.0
11  0.12
10  0.0
10  0.12
11  0.0
11  0.12
6  0.0
6  0.12
9  0.0
9  0.12
7  0.0
7  0.12
4  0.0
4  0.24
-5  0.12
-5  0.12
-1  0.0
-1  0.12
4  0.0
4  0.12
6  0.0
6  0.24
-1  0.12
-1  0.12
7  0.0
7  0.12
6  0.0
6  0.12
4  0.0
4  0.24
