-10 0.125
-9 0.125
-8 0.125
0 0.25
-8 0.125
0 0.25
-8 0.125
0 0.75

0 0.125
2 0.125
3 0.125
4 0.125
0 0.125
2 0.125
4 0.25
-1 0.125
2 0.25
0 0.75

-10 0.125
-9 0.125
-8 0.125
0 0.25
-8 0.125
0 0.25
-8 0.125
0 0.75

-3 0.125
-5 0.125
-6 0.125
-3 0.125
0 0.125
4 0.25
2 0.125
0 0.125
-3 0.125
2 0.75

-10 0.125
-9 0.125
-8 0.125
0 0.25
-8 0.125
0 0.25
-8 0.125
0 0.75

0 0.125
2 0.125
3 0.125
4 0.125
0 0.125
2 0.125
4 0.25
-1 0.125
2 0.25
0 0.75

0 0.125
2 0.125
3 0.125
4 0.125
0 0.125
2 0.125
4 0.25
0 0.125
2 0.125
0 0.125
4 0.125
0 0.125
2 0.125
4 0.25
0 0.125
2 0.125
0 0.125
4 0.125
0 0.125
2 0.125
4 0.25
-1 0.125
2 0.25
0 0.25
-5 0.25
-12 0.25
