-24 0.0
3 0.0
7 0.5
2 0.0
5 0.5
3 0.0
7 0.75
0 0.0
3 0.25
2 0.0
5 0.5
-5 0.0
2 0.5
3 0.0
7 1.0
-24 0.0
3 0.0
7 0.5
2 0.0
5 0.5
3 0.0
7 0.75
0 0.0
3 0.25
2 0.0
5 0.5
-5 0.0
2 0.5
3 0.0
7 1.0
-24 0.046875
-21 0.046875
-17 0.046875
-12 0.5
-9 0.5
-17 0.75
-12 0.25
-7 0.5
-5 1.5
-12 0.75
-7 0.125
-9 0.125
-10 0.75
-9 0.25
-19 0.0
-15 0.0
-12 1.5
-12 0.5
-24 0.0
-21 0.0
-17 0.0
-12 0.75
-9 0.25
-12 0.5
-5 0.5
-19 0.0
-12 0.0
-7 0.0
-3 0.5
-7 1.25
-12 0.03125
-10 0.03125
-9 0.03125
-7 0.03125
-5 0.03125
-3 0.03125
-2 0.03125
-16 0.03125
-9 0.03125
-5 0.03125
0 1.25
-2 0.25
-10 0.25
-4 0.25
-19 0.0
-14 0.0
-9 0.0
-7 1.0
-11 1.0
-24 0.0
-4 1.25
-5 0.25
-17 0.25
-7 0.25
-17 0.0
-12 0.0
-10 1.0
-14 1.0
-21 0.0
-17 0.0
-14 0.0
-9 1.25
-10 0.25
-19 0.25
-10 0.25
-21 0.0
-16 0.0
-12 1.0
-19 0.0
-10 0.0
-14 1.0
-24 0.046875
-17 0.046875
-12 5.0