-7 0.065
-6 0.015
-5 0.015
-4 0.015
-3 0.015

-2 0.625
-3 0.125
-2 0.5
-3 0.625
-2 0.125

-2 0.125
-3 0.125
-5 0.125
-7 0.125
-5 0.125
-3 0.125

-112 0.125

-7 0.125
-5 0.5
-5 0.125
-7 0.125
-10 0.125
-10 0.125

-9 0.25
-4 0.125
-4 0.125
-4 0.125
-5 0.125
-9 0.125
-14 0.375
-14 0.125
-10 0.125
-9 0.25
-7 0.125

-7 0.125
-8 0.125
-7 0.25
-7 0.5

5 0.125
3 0.125
0 0.125
4 0.125
5 0.25
5 0.25

-3 0.25
-2 0.375
-3 0.125
-2 0.25
-3 0.5
-3 0.25
-2 0.125
-2 0.125


-2 0.125
-3 0.125
-5 0.125
-7 0.125
-5 0.125
-3 0.125

-112 0.125

-7 0.125
-5 0.5
-5 0.125
-7 0.125
-10 0.125
-10 0.125

-9 0.25
-4 0.125
-4 0.125
-4 0.125
-5 0.125
-9 0.125
-14 0.375
-14 0.125
-10 0.125
-9 0.25
-7 0.125

-7 0.125
-8 0.125
-7 0.25
-7 1.0
