1  0.192
4  0.192
1  0.192
-1  0.384
4  0.576
-3  0.192
-1  0.192
-3  0.192
-4  0.384
-8  0.576
-6  0.384
-4  0.384
-3  0.384
-1  0.384
-3  0.384
-4  0.096
-3  0.192
-1  0.192
-3  0.672
-3  0.01
1  0.086
1  0.096
1  0.096
1  0.192
-3  0.086
1  0.01
-1  0.192
-3  0.192
-3  0.01
1  0.278
-1  0.182
1  0.01
-3  0.768
-3  0.01
-3  0.566
-1  0.096
-1  0.01
1  0.086
4  0.192
4  0.288
1  0.096
-1  0.182
1  0.01
-3  0.096
-3  0.01
1  0.182
-1  0.384
-1  0.01
-3  0.182
-3  0.096
-3  0.192
-3  0.01
1  0.182
4  0.096
6  0.192
4  0.384
-1  0.096
-1  0.096
-1  0.096
-1  0.192
-1  0.192
-1  0.192
-1  0.096
1  0.192
-1  0.288
-1  0.01
-3  0.182
-3  0.01
-1  0.182
1  0.192
-3  0.086
1  0.01
-3  0.096
-3  0.01
1  0.086
4  0.096
6  0.192
4  0.288
-3  0.182
4  0.01
-3  0.01
-1  0.182
-1  0.192
-1  0.192
1  0.192
6  0.192
4  0.096
4  0.288
2  0.192
2  0.01
-3  1.334
-3  0.01
-1  0.086
1  0.192
-3  0.086
1  0.01
-3  0.01
2  0.278
1  0.192
-1  0.192
-3  0.182
-1  0.01
-3  0.01
1  0.374
-3  3.062
1  0.01
