-2 0.36
-9 0.36
-6 0.18
-4 0.18
-2 0.36
-9 0.36
-6 0.18
-4 0.18
-2 0.36
-9 0.36
-6 0.18
-4 0.18
-2 0.36
-9 0.36
-6 0.18
-4 0.18
-2 0.36
-9 0.36
-5 0.18
-4 0.18
-2 0.36
-9 0.36
-5 0.18
-4 0.18
-2 0.36
-9 0.36
-5 0.18
-4 0.18
-2 0.36
-9 0.36
-5 0.18
-4 0.18


-2 0.0
-21 0.54
-9 0.36
-21 0.36
-21 0.36
-6 0.0
-4 0.18
-2 0.18
-21 0.54
-9 0.36
-21 0.36
-6 0.0
-4 0.18
-7 0.0
-14 0.18
-19 0.18
-11 0.18
-9 0.18
-7 0.0
-14 0.0
-11 0.0
-9 0.18
-7 0.0
-14 0.18
-19 0.18
-11 0.18
-9 0.18
-7 0.0
-14 0.0
-11 0.0
-9 0.18


-4 0.0
-23 0.54
-11 0.36
-23 0.36
-23 0.36
-6 0.0
-7 0.18
-4 0.18
-23 0.54
-11 0.36
-23 0.36
-23 0.36
-6 0.0
-7 0.18
-9 0.18
-16 0.0
-13 0.18
-11 0.18
-9 0.0
-16 0.0
-13 0.0
-11 0.18
-9 0.0
-16 0.18
-16 0.18
-13 0.18
-11 0.18
-9 0.0
-16 0.0
-13 0.0
-11 0.18


-2 0.0
-21 0.54
-9 0.36
-21 0.36
-21 0.36
-6 0.0
-4 0.18
-2 0.18
-21 0.54
-9 0.36
-21 0.36
-6 0.0
-4 0.18
-7 0.0
-14 0.18
-19 0.18
-11 0.18
-9 0.18
-7 0.0
-14 0.0
-11 0.0
-9 0.18
-7 0.0
-14 0.18
-19 0.18
-11 0.18
-9 0.18
-7 0.0
-14 0.0
-11 0.0
-9 0.18


-4 0.0
-23 0.54
-11 0.36
-23 0.36
-23 0.36
-6 0.0
-7 0.18
-4 0.18
-23 0.54
-11 0.36
-23 0.36
-23 0.18
-9 0.09
-7 0.09
-6 0.0
-7 0.18
-9 0.18
-14 0.0
-13 0.18
-11 0.18
-9 0.0
-14 0.0
-13 0.0
-11 0.18
-9 0.0
-14 0.18
-21 0.18
-13 0.18
-11 0.18
-9 0.0
-14 0.0
-13 0.0
-11 0.18


-2 0.0
-21 0.54
-9 0.0
-21 0.36
-21 0.36
-6 0.0
-4 0.0
-2 0.0
-21 0.54
-9 0.0
-21 0.36
-6 0.0
-4 0.0
-7 0.0
-14 0.0
-19 0.18
-11 0.0
-9 0.0
-7 0.0
-14 0.0
-11 0.0
-9 0.0
-7 0.0
-14 0.0
-19 0.18
-11 0.0
-9 0.0
-7 0.0
-14 0.0
-11 0.0
-9 0.0


-4 0.0
-23 0.54
-11 0.0
-23 0.36
-11 0.0
-9 0.0
-7 0.0
-6 0.0
-7 0.0
-23 0.18
-11 0.0
-23 0.36
-9 0.0
-14 0.0
-21 0.18
-13 0.0
-11 0.0
-9 0.0
-14 0.0
-13 0.0
-11 0.0
-9 0.0
-14 0.0
-21 0.18
-13 0.0
-11 0.0
-9 0.0
-14 0.0
-13 0.0
-11 0.0
-9 0.0
-14 0.0
-21 0.18
-13 0.0
-11 0.0
-9 0.0
-14 0.0
-13 0.0
-11 0.0






-9 0.0
-9 0.18
-13 0.18
-1 0.18
1 0.18
-9 0.0
-6 0.0
1 0.0
3 0.18

-11 0.0
-11 0.18
-18 0.18
-2 0.18
-1 0.18
1 0.0
-6 0.0
-2 0.0
-1 0.18

-9 0.0
-9 0.18
-16 0.18
-4 0.18
-2 0.18
-1 0.0
-9 0.0
-2 0.0
-1 0.18


-9 0.0
-9 0.18
-21 0.18
-6 0.18
-4 0.18
-9 0.0
-9 0.0
-6 0.0
-4 0.18


-6 0.0
-13 0.18
-18 0.18
-9 0.18
-7 0.18
-6 0.0
-13 0.0
-9 0.0
-7 0.18
-6 0.0
-13 0.18
-13 0.18
-9 0.18
-7 0.18
-4 0.0
-11 0.0
-7 0.0
-6 0.18

-2 0.0
-9 0.18
-21 0.18
-6 0.18
-4 0.18
-2 0.0
-9 0.0
-6 0.0
-4 0.18
-2 0.0
-9 0.18
-21 0.18
-6 0.18
-4 0.18
-2 0.0
-9 0.0
-2 0.0
-1 0.18



-9 0.0
-9 0.18
-13 0.18
-1 0.18
1 0.18
-9 0.0
-6 0.0
1 0.0
3 0.18

-11 0.0
-11 0.18
-18 0.18
-2 0.18
-1 0.18
1 0.0
-6 0.0
-2 0.0
-1 0.18

-9 0.0
-9 0.18
-16 0.18
-4 0.18
-2 0.18
-1 0.0
-9 0.0
-2 0.0
-1 0.18

-9 0.0
-9 0.18
-21 0.18
-6 0.18
-4 0.18
-9 0.0
-9 0.0
-6 0.0
-4 0.18

-6 0.0
-13 0.18
-18 0.18
-9 0.18
-7 0.18
-6 0.0
-13 0.0
-9 0.0
-7 0.18
-6 0.0
-13 0.18
-18 0.18
-9 0.18
-6 0.18
-7 0.0
-14 0.0
-11 0.0
-7 0.18

-9 0.0
-14 0.18
-21 0.18
-13 0.18
-11 0.18
-9 0.0
-14 0.0
-13 0.0
-11 0.18
-9 0.0
-14 0.18
-21 0.18
-13 0.18
-11 0.18
-9 0.0
-14 0.0
-13 0.0
-11 0.0
-9 0.0
-2 0.36
-1 0.18
1 0.18
3 0.36
-2 0.36
-1 0.18
1 0.18
3 0.36
-2 0.36
-1 0.18
1 0.18
3 0.36
-2 0.36
-1 0.18
1 0.18
3 0.108






