5 0.125
4 0.125
2 0.125
0 0.125
-2 0.125
-3 0.125
-5 0.125
-7 0.125
-3 0.125
-2 0.125
-3 0.125
-3 0.125

5 0.125
4 0.125
2 0.125
0 0.125
-2 0.125
-3 0.125
-5 0.125
-7 0.125
-5 0.125
-3 0.125
-5 0.125
-5 0.125

5 0.125
4 0.125
2 0.125
0 0.125
-2 0.125
-3 0.125
-5 0.125
-7 0.125
-3 0.125
-2 0.125
-3 0.125
-3 0.125

0 0.125
0 0.125
0 0.125
2 0.125
4 0.125
5 0.125
0 0.125
-3 0.125
-5 0.125
-3 0.125
-5 0.125
-5 0.125

-3 0.125
-2 0.125
0 0.25
-3 0.125
0 0.25
-3 0.125
0 0.25
-3 0.125
0 0.125

5 0.125
4 0.125
2 0.25
-2 0.125
2 0.25
-2 0.125
2 0.25
-2 0.125
2 0.25

4 0.125
5 0.25
7 0.125
9 0.25
7 0.125
5 0.125
4 0.125
2 0.125
0 0.25
0 0.125
0 0.125
2 0.125
4 0.125
5 0.125
0 0.125
-3 0.125
-5 0.125
-3 0.125
-5 0.125
-7 0.5

