4 0.4
4 0.4
4 0.4
4 0.4
-4 0.1
-15 0.1
-11 0.1
-6 0.1
-15 0.1
-11 0.1
-8 0.1
-15 0.1
-11 0.1
-6 0.1
-15 0.1
-11 0.1
-8 0.1
-15 0.1
-6 0.1
-15 0.1
-4 0.1
-13 0.1
-11 0.1
-6 0.1
-13 0.1
-11 0.1
-8 0.1
-13 0.1
-11 0.1
-6 0.1
-13 0.1
-11 0.1
-8 0.1
-13 0.1
-6 0.1
-13 0.1
-4 0.1
-13 0.1
-11 0.1
-6 0.1
-13 0.1
-11 0.1
-8 0.1
-13 0.1
-11 0.1
-6 0.1
-13 0.1
-11 0.1
-8 0.1
-13 0.1
-6 0.1
-13 0.1
-9 0.2
-8 0.2
-9 0.05
-8 0.05
-9 0.1
-13 0.4
-11 0.1
-13 0.1
-9 0.1
-13 0.1
-8 0.1
-13 0.1
-4 0.1
-15 0.1
-11 0.1
-6 0.1
-15 0.1
-11 0.1
-8 0.1
-15 0.1
-11 0.1
-6 0.1
-15 0.1
-11 0.1
-8 0.1
-15 0.1
-6 0.1
-15 0.1
-4 0.1
-13 0.1
-11 0.1
-6 0.1
-13 0.1
-11 0.1
-8 0.1
-13 0.1
-11 0.1
-6 0.1
-13 0.1
-11 0.1
-8 0.1
-13 0.1
-6 0.1
-13 0.1
-4 0.05
-6 0.05
-8 0.1
-4 0.05
-6 0.05
-8 0.1
-4 0.05
-6 0.05
-8 0.1
-4 0.05
-6 0.05
-8 0.1
-4 0.05
-6 0.05
-8 0.1
-4 0.05
-6 0.05
-8 0.1
-4 0.05
-6 0.05
-8 0.1
-4 0.05
-6 0.05
-8 0.1
-4 0.1
-6 0.1
-8 0.1
-9 0.1
-4 0.1
-6 0.1
-8 0.1
-9 0.1
-4 0.1
-6 0.1
-8 0.1
-9 0.1
-8 0.1
-9 0.1
-13 0.1
-16 0.1
-4 0.1
-15 0.1
-11 0.1
-6 0.1
-15 0.1
-11 0.1
-8 0.1
-15 0.1
-11 0.1
-6 0.1
-15 0.1
-11 0.1
-8 0.1
-15 0.1
-6 0.1
-15 0.1
-4 0.1
-13 0.1
-11 0.1
-6 0.1
-13 0.1
-11 0.1
-8 0.1
-13 0.1
-11 0.1
-6 0.1
-13 0.1
-11 0.1
-8 0.1
-13 0.1
-6 0.1
-13 0.1
-1 0.1
-9 0.1
-4 0.1
-1 0.1
-9 0.1
-4 0.1
-1 0.1
-13 0.1
-9 0.1
-13 0.1
-4 0.1
-13 0.1
-6 0.1
-13 0.1
-4 0.1
-13 0.1
-6 0.1
-13 0.1
-11 0.1
-8 0.1
-13 0.1
-11 0.1
-6 0.1
-13 0.1
-9 0.1
-13 0.1
-11 0.1
-8 0.1
-13 0.1
-11 0.1
-6 0.1
-13 0.1
-4 0.1
-15 0.1
-11 0.1
-6 0.1
-15 0.1
-11 0.1
-8 0.1
-15 0.1
-11 0.1
-6 0.1
-15 0.1
-11 0.1
-8 0.1
-15 0.1
-6 0.1
-15 0.1
-4 0.1
-13 0.1
-11 0.1
-6 0.1
-13 0.1
-11 0.1
-8 0.1
-13 0.1
-11 0.1
-6 0.1
-13 0.1
-11 0.1
-8 0.1
-13 0.1
-6 0.1
-13 0.1
-4 0.05
-6 0.05
-8 0.1
-4 0.05
-6 0.05
-8 0.1
-4 0.05
-6 0.05
-8 0.1
-4 0.05
-6 0.05
-8 0.1
-4 0.05
-6 0.05
-8 0.1
-4 0.05
-6 0.05
-8 0.1
-4 0.05
-6 0.05
-8 0.1
-4 0.05
-6 0.05
-8 0.1
-11 0.0
-7 0.2
-6 0.2
-7 0.2
-11 0.4
-11 0.6
-16 0.0
-8 0.4
-8 0.2
-9 0.1
-8 1.3
-8 0.2
-6 0.2
-8 0.2
-9 0.2
-8 0.2
-18 0.0
-9 0.4
-9 0.2
-8 0.1
-9 0.7
-20 0.4
-22 0.4
-24 0.4
-24 0.0
-22 0.0
-20 0.6
-15 0.0
-11 0.0
-8 0.4
-8 0.2
-9 0.1
-8 0.9
-24 0.0
-22 0.0
-20 0.6
-13 0.2
-6 0.2
-8 0.2
-6 0.2
-8 0.2
-13 0.0
-6 0.3
-13 0.0
-4 0.3
-13 0.0
-4 0.8
-15 0.2
-16 0.0
-21 0.8
-16 0.0
-24 0.8
-11 0.0
-8 0.4
-11 0.0
-8 0.2
-13 0.0
-9 0.1
-11 0.0
-8 1.5
-11 0.0
-8 0.2
-9 0.0
-6 0.2
-11 0.0
-8 0.2
-13 0.0
-9 0.2
-11 0.0
-8 0.2
-13 0.0
-9 0.4
-13 0.0
-9 0.2
-11 0.0
-8 0.1
-13 0.0
-8 0.7
-21 0.1
-20 0.1
-21 0.1
-20 0.1
-21 0.1
-20 0.1
-21 0.1
-20 0.1
-21 0.1
-20 0.1
-21 0.1
-20 0.1
-21 0.1
-20 0.1
-21 0.1
-20 0.1
-21 0.1
-20 0.1
-11 0.0
-8 0.4
-11 0.0
-8 0.2
-13 0.0
-9 0.1
-11 0.0
-8 1.5
-13 0.2
-6 0.2
-8 0.2
-6 0.2
-8 0.2
-13 0.0
-6 0.3
-13 0.0
-4 0.3
-13 0.0
-4 0.6
-15 0.1
-16 0.1
-15 0.1
-16 0.1
-15 0.1
-16 0.1
-15 0.1
-16 0.1
-15 0.1
-16 0.1
-15 0.1
-16 0.1
-15 0.1
-16 0.1
-15 0.1
-16 0.1
-24 0.4
-15 0.0
-11 0.0
-4 0.8
-15 0.0
-11 0.0
-6 0.6
-15 0.0
-11 0.8
-11 0.2
-1 0.2
-3 0.2
-4 0.2
-3 0.2
-13 0.0
-4 0.8
-9 0.0
-6 0.4
-4 0.2
-13 0.0
-6 0.4
-16 0.0
-13 0.4
-20 0.4
-23 0.2
-24 0.2
-11 0.0
-8 0.2
-11 0.0
-8 0.2
-13 0.0
-9 0.2
-15 0.0
-11 0.2
-13 0.0
-9 0.1
-11 0.0
-8 0.7
-11 0.0
-8 0.2
-11 0.0
-8 0.2
-13 0.0
-9 0.2
-11 0.0
-8 0.2
-9 0.0
-6 0.1
-11 0.0
-8 0.3
-8 0.2
-6 0.4
-11 0.0
-4 0.2
-11 0.2
-11 0.2
-11 0.0
-3 0.2
-11 0.0
-4 0.2
-11 0.2
-11 0.0
-4 0.4
-11 0.0
-4 0.2
-12 0.0
-4 0.4
-8 0.4
-6 0.2
-4 0.4
-4 0.2
-15 0.0
-11 0.0
-4 0.2
-15 0.0
-11 0.0
-6 0.2
-15 0.0
-11 0.0
-6 0.2
-8 0.1
-15 0.0
-11 0.0
-6 0.3
-15 0.0
-11 0.0
-4 0.4
-4 0.2
-13 0.0
-9 0.0
-4 0.2
-6 0.2
-13 0.0
-9 0.0
-6 0.2
-8 0.1
-6 0.3
-13 0.0
-9 0.0
-4 0.4
-9 0.0
-6 0.0
-1 0.4
-13 0.0
-9 0.0
-4 0.2
-9 0.0
-6 0.0
-1 0.2
-9 0.0
-6 0.0
-1 0.4
-9 0.0
-4 0.2
-1 0.2
-8 0.0
-4 0.0
1 0.4
-8 0.0
-4 0.4
-9 0.0
-6 0.4
-8 0.0
-4 0.2
-9 0.0
-6 0.2
-8 0.2
-15 0.0
-11 0.6
-15 0.0
-4 0.8
-4 0.2
-13 0.0
-6 0.4
-13 0.0
-4 0.4
-9 0.0
-1 0.4
-13 0.0
-4 0.4
-15 0.0
-6 1.0
-13 0.0
-8 0.2
-13 0.0
-6 0.2
-13 0.0
-4 0.6
-13 0.0
-8 0.4
-13 0.0
-6 0.2
-13 0.0
-4 0.4
-4 0.2
-15 0.0
-11 0.0
-4 0.2
-15 0.0
-11 0.0
-6 0.2
-15 0.0
-11 0.0
-6 0.2
-8 0.1
-6 0.3
-15 0.0
-11 0.0
-4 0.4
-13 0.0
-9 0.0
-4 0.2
-13 0.0
-9 0.0
-4 0.2
-13 0.0
-9 0.0
-6 0.2
-13 0.0
-9 0.0
-6 0.2
-8 0.1
-6 0.3
-13 0.0
-9 0.0
-4 0.4
-9 0.0
-6 0.0
-1 0.4
-13 0.0
-9 0.0
-4 0.2
-9 0.0
-6 0.0
-1 0.2
-9 0.0
-6 0.0
-1 0.4
-9 0.0
-4 0.2
-1 0.2
-8 0.0
-4 0.0
1 0.4
-8 0.0
-4 0.4
-9 0.0
-6 0.4
-8 0.0
-4 0.2
-9 0.0
-6 0.2
-8 0.2
-15 0.0
-11 0.6
-15 0.0
-11 0.0
-4 0.8
-15 0.0
-4 0.2
-13 0.0
-6 0.4
-13 0.0
-4 0.4
-9 0.0
-1 0.4
-13 0.0
-4 0.4
-15 0.0
-6 0.6
-15 0.0
-8 1.4
-13 0.0
-4 0.4
-13 0.0
-6 0.3
-13 0.0
-8 0.3
-13 0.0
-9 0.2
-18 0.0
-9 1.4
-19 0.0
-11 0.2
-19 0.0
-11 1.6
-4 0.1
-15 0.1
-11 0.1
-6 0.1
-15 0.1
-11 0.1
-8 0.1
-15 0.1
-11 0.1
-6 0.1
-15 0.1
-11 0.1
-8 0.1
-15 0.1
-6 0.1
-15 0.1
-4 0.1
-13 0.1
-11 0.1
-6 0.1
-13 0.1
-11 0.1
-8 0.1
-13 0.1
-11 0.1
-6 0.1
-13 0.1
-11 0.1
-8 0.1
-13 0.1
-6 0.1
-13 0.1
-4 0.1
-13 0.1
-11 0.1
-6 0.1
-13 0.1
-11 0.1
-8 0.1
-13 0.1
-11 0.1
-6 0.1
-13 0.1
-11 0.1
-8 0.1
-13 0.1
-6 0.1
-13 0.1
-9 0.2
-8 0.2
-9 0.05
-8 0.05
-9 0.1
-13 0.4
-11 0.1
-13 0.1
-9 0.1
-13 0.1
-8 0.1
-13 0.1
-4 0.1
-15 0.1
-11 0.1
-6 0.1
-15 0.1
-11 0.1
-8 0.1
-15 0.1
-11 0.1
-6 0.1
-15 0.1
-11 0.1
-8 0.1
-15 0.1
-6 0.1
-15 0.1
-4 0.1
-13 0.1
-11 0.1
-6 0.1
-13 0.1
-11 0.1
-8 0.1
-13 0.1
-11 0.1
-6 0.1
-13 0.1
-11 0.1
-8 0.1
-13 0.1
-6 0.1
-13 0.1
-4 0.05
-6 0.05
-8 0.1
-4 0.05
-6 0.05
-8 0.1
-4 0.05
-6 0.05
-8 0.1
-4 0.05
-6 0.05
-8 0.1
-4 0.05
-6 0.05
-8 0.1
-4 0.05
-6 0.05
-8 0.1
-4 0.05
-6 0.05
-8 0.1
-4 0.05
-6 0.05
-8 0.1
-4 0.1
-6 0.1
-8 0.1
-9 0.1
-4 0.1
-6 0.1
-8 0.1
-9 0.1
-4 0.1
-6 0.1
-8 0.1
-9 0.1
-8 0.1
-9 0.1
-13 0.1
-16 0.1
-4 0.1
-15 0.1
-11 0.1
-6 0.1
-15 0.1
-11 0.1
-8 0.1
-15 0.1
-11 0.1
-6 0.1
-15 0.1
-11 0.1
-8 0.1
-15 0.1
-6 0.1
-15 0.1
-4 0.1
-13 0.1
-11 0.1
-6 0.1
-13 0.1
-11 0.1
-8 0.1
-13 0.1
-11 0.1
-6 0.1
-13 0.1
-11 0.1
-8 0.1
-13 0.1
-6 0.1
-13 0.1
-1 0.1
-9 0.1
-4 0.1
-1 0.1
-9 0.1
-4 0.1
-1 0.1
-13 0.1
-9 0.1
-13 0.1
-4 0.1
-13 0.1
-6 0.1
-13 0.1
-4 0.1
-13 0.1
-8 0.2
-6 0.2
-13 0.0
-9 0.2
-13 0.0
-8 0.3
-13 0.1
-6 0.4
-13 0.2
-4 0.1
-15 0.1
-11 0.1
-6 0.1
-15 0.1
-11 0.1
-8 0.1
-15 0.1
-11 0.1
-6 0.1
-15 0.1
-11 0.1
-8 0.1
-15 0.1
-6 0.1
-15 0.1
-4 0.1
-13 0.1
-11 0.1
-6 0.1
-13 0.1
-11 0.1
-8 0.1
-13 0.1
-11 0.1
-6 0.1
-13 0.1
-11 0.1
-8 0.1
-13 0.1
-6 0.1
-13 0.1
-4 0.05
-6 0.05
-8 0.1
-4 0.05
-6 0.05
-8 0.1
-4 0.05
-6 0.05
-8 0.1
-4 0.05
-6 0.05
-8 0.1
-4 0.05
-6 0.05
-8 0.1
-4 0.05
-6 0.05
-8 0.1
-4 0.05
-6 0.05
-8 0.3
-9 0.0
-6 0.1
-7 0.2
-11 0.3
-9 0.0
-6 0.1
-7 0.2
-11 0.1
-16 0.1
-19 0.1
-11 0.1
-16 0.1
-19 0.1
-23 0.1
-20 0.4
-20 0.2
-21 0.1
-20 1.5
-20 0.2
-18 0.2
-20 0.2
-21 0.2
-20 0.2
-23 0.0
-21 0.4
-21 0.2
-20 0.1
-21 0.9
-23 0.05
-21 0.1
-18 0.05
-15 1.4
-24 0.05
-22 0.1
-19 0.05
-17 0.2
-17 0.2
-18 0.1
-17 0.9
-23 0.05
-21 0.1
-18 0.05
-15 0.4
-20 0.2
-18 0.2
-20 0.2
-18 0.2
-20 0.2
-24 0.0
-18 0.3
-24 0.0
-16 0.3
-24 0.0
-16 0.8
-15 0.2
-21 0.0
-16 0.8
-24 0.0
-16 0.8
-11 0.0
-8 0.4
-11 0.0
-8 0.2
-13 0.0
-9 0.1
-11 0.0
-8 1.5
-11 0.0
-8 0.2
-9 0.0
-6 0.2
-11 0.0
-8 0.2
-13 0.0
-9 0.2
-11 0.0
-8 0.2
-13 0.0
-9 0.4
-13 0.0
-9 0.2
-11 0.0
-8 0.1
-13 0.0
-9 0.7
-21 0.1
-20 0.1
-21 0.1
-20 0.1
-21 0.1
-20 0.1
-21 0.1
-20 0.1
-21 0.1
-20 0.1
-21 0.1
-20 0.1
-21 0.1
-20 0.1
-21 0.1
-20 0.1
-21 0.1
-20 0.1
-11 0.0
-8 0.4
-11 0.0
-8 0.2
-13 0.0
-9 0.1
-11 0.0
-8 1.5
-13 0.2
-6 0.2
-8 0.2
-6 0.2
-8 0.2
-13 0.0
-6 0.3
-13 0.0
-4 0.3
-13 0.0
-4 0.6
-15 0.1
-16 0.1
-15 0.1
-16 0.1
-15 0.1
-16 0.1
-15 0.1
-16 0.1
-15 0.1
-16 0.1
-15 0.1
-16 0.1
-15 0.1
-16 0.1
-15 0.1
-16 0.1
-24 0.4
-15 0.0
-11 0.0
-4 0.8
-15 0.0
-11 0.0
-6 0.6
-15 0.0
-11 0.8
-11 0.2
-1 0.2
-3 0.2
-11 0.0
-4 0.2
-11 0.0
-3 0.2
-13 0.0
-4 0.8
-13 0.0
-6 0.4
-4 0.2
-13 0.0
-6 0.4
-16 0.0
-13 1.2
-11 0.0
-8 0.2
-11 0.0
-8 0.2
-13 0.0
-9 0.2
-15 0.0
-11 0.2
-13 0.0
-9 0.1
-11 0.0
-8 0.7
-11 0.0
-8 0.2
-11 0.0
-8 0.2
-13 0.0
-9 0.2
-11 0.0
-8 0.2
-9 0.0
-6 0.1
-11 0.0
-8 0.3
-8 0.2
-6 0.4
-11 0.0
-9 0.0
-4 0.4
-3 0.2
-11 0.0
-9 0.0
-4 0.4
-11 0.0
-9 0.0
-4 0.4
-11 0.0
-9 0.0
-4 0.2
-12 0.0
-9 0.0
-4 0.4
-8 0.4
-6 0.2
-4 0.4
-4 0.2
-15 0.0
-11 0.0
-4 0.2
-15 0.0
-11 0.0
-6 0.2
-15 0.0
-11 0.0
-6 0.2
-8 0.1
-6 0.3
-15 0.0
-11 0.0
-4 0.4
-15 0.0
-11 0.0
-4 0.2
-13 0.0
-9 0.0
-4 0.2
-13 0.0
-9 0.0
-6 0.2
-13 0.0
-9 0.0
-6 0.2
-8 0.1
-13 0.0
-9 0.0
-6 0.3
-13 0.0
-9 0.0
-4 0.4
-9 0.0
-6 0.0
-1 0.4
-13 0.0
-9 0.0
-4 0.2
-9 0.0
-6 0.0
-1 0.2
-9 0.0
-6 0.0
-1 0.4
-9 0.0
-4 0.2
-1 0.2
-8 0.0
-4 0.0
1 0.4
-8 0.0
-4 0.4
-9 0.0
-6 0.4
-8 0.0
-4 0.2
-9 0.0
-6 0.2
-8 0.2
-15 0.0
-11 0.6
-15 0.0
-4 0.8
-4 0.2
-13 0.0
-6 0.4
-13 0.0
-4 0.4
-9 0.0
-1 0.4
-13 0.0
-4 0.4
-15 0.0
-6 1.0
-13 0.0
-8 0.2
-13 0.0
-6 0.2
-13 0.0
-4 0.6
-13 0.0
-8 0.4
-13 0.0
-6 0.2
-13 0.0
-4 0.4
-4 0.2
-15 0.0
-11 0.0
-4 0.2
-15 0.0
-11 0.0
-6 0.2
-15 0.0
-11 0.0
-6 0.2
-8 0.1
-15 0.0
-11 0.0
-6 0.3
-15 0.0
-11 0.0
-4 0.4
-4 0.2
-13 0.0
-9 0.0
-4 0.2
-6 0.2
-13 0.0
-9 0.0
-6 0.2
-8 0.1
-6 0.3
-13 0.0
-9 0.0
-4 0.4
-9 0.0
-6 0.0
-1 0.4
-13 0.0
-9 0.0
-4 0.2
-9 0.0
-6 0.0
-1 0.2
-9 0.0
-6 0.0
-1 0.4
-9 0.0
-4 0.2
-1 0.2
-8 0.0
-4 0.0
1 0.4
-8 0.0
-4 0.4
-9 0.0
-6 0.4
-8 0.0
-4 0.2
-9 0.0
-6 0.2
-8 0.2
-15 0.0
-11 0.6
-15 0.0
-11 0.0
-4 0.8
-15 0.0
-4 0.2
-13 0.0
-6 0.4
-13 0.0
-4 0.4
-13 0.0
-1 0.4
-13 0.0
-4 0.4
-15 0.0
-11 0.0
-6 0.6
-15 0.0
-8 1.4
-13 0.0
-4 0.4
-13 0.0
-6 0.3
-13 0.0
-8 0.3
-13 0.0
-9 0.2
-18 0.0
-9 1.4
-19 0.0
-11 0.2
-19 0.0
-11 1.4
-13 0.2
-11 0.4
-13 0.2
-11 0.4
-4 0.4
-1 0.2
1 0.4
-1 0.2
1 0.4
8 0.4
-13 0.2
-11 0.4
-13 0.2
-11 0.4
-4 0.4
-4 0.0
-1 0.4
-6 0.0
-3 0.4
-8 0.0
-4 0.4
-6 0.2
-8 0.2
-6 0.2
-15 0.0
-11 1.2
-11 0.0
-8 0.4
-13 0.0
-9 0.4
-8 0.2
-13 0.0
-9 0.0
-6 0.4
-13 0.0
-9 0.4
-13 0.0
-9 0.4
-16 0.0
-8 0.2
-16 0.0
-8 1.0
-8 0.1
-9 0.1
-8 0.1
-9 0.1
-8 0.1
-9 0.1
-8 0.1
-9 0.1
-8 0.1
-9 0.1
-8 0.1
-9 0.1
-8 0.1
-9 0.1
-13 0.2
-16 0.2
-16 0.0
-11 0.4
-13 0.2
-16 0.0
-11 0.4
-16 0.0
-4 0.4
-4 0.0
-1 0.2
-4 0.0
1 0.4
-4 0.0
-1 0.2
-4 0.0
1 0.4
4 0.0
8 0.4
-13 0.2
-16 0.0
-11 0.4
-13 0.2
-16 0.0
-11 0.4
-16 0.0
-4 0.4
-4 0.0
-1 0.4
-6 0.0
-3 0.4
-8 0.0
-4 0.4
-6 0.2
-8 0.2
-6 0.2
-8 0.0
-3 0.0
1 2.0
-8 0.0
-3 0.0
1 0.4
-8 0.0
-3 0.0
1 0.4
-8 0.0
-3 0.0
1 0.4
-9 0.0
-4 0.0
1 1.0
-9 0.0
0 0.2
-9 0.0
1 0.2
-9 0.0
0 2.2
-8 0.4
-6 0.2
-4 1.0
-6 0.4
-4 0.2
-2 0.4
-2 0.2
-13 0.0
-9 0.0
-2 0.2
-4 0.2
-13 0.0
-9 0.0
-4 0.2
-6 0.1
-4 0.3
-13 0.0
-9 0.0
-2 0.4
-2 0.2
-11 0.0
-7 0.0
-2 0.2
-4 0.2
-11 0.0
-7 0.0
-4 0.2
-6 0.1
-4 0.3
-11 0.0
-7 0.0
-2 0.4
-7 0.0
-4 0.0
1 0.4
-11 0.0
-7 0.0
-2 0.2
-7 0.0
-4 0.0
1 0.2
-7 0.0
-4 0.0
1 0.4
-7 0.0
-2 0.2
1 0.2
-6 0.0
-2 0.0
3 0.4
-6 0.0
-2 0.4
-7 0.0
-4 0.4
-6 0.0
-2 0.2
-7 0.0
-4 0.4
-9 0.6
-9 0.0
-2 0.8
-2 0.2
-7 0.0
-4 0.4
-7 0.0
-2 0.4
-7 0.0
1 0.4
-7 0.0
-4 0.4
-6 0.0
-4 1.0
-6 0.2
-4 0.2
-2 0.6
-11 0.0
-6 0.4
-11 0.0
-4 0.2
-11 0.0
-2 0.4
-2 0.2
-13 0.0
-9 0.0
-2 0.2
-13 0.0
-9 0.0
-4 0.2
-13 0.0
-9 0.0
-4 0.2
-6 0.1
-13 0.0
-9 0.0
-4 0.3
-13 0.0
-9 0.0
-2 0.4
-11 0.0
-7 0.0
-2 0.2
-11 0.0
-7 0.0
-2 0.2
-11 0.0
-7 0.0
-4 0.2
-11 0.0
-7 0.0
-4 0.2
-6 0.1
-4 0.3
-11 0.0
-7 0.0
-2 0.4
-7 0.0
-4 0.0
1 0.4
-11 0.0
-7 0.0
-2 0.2
-7 0.0
-4 0.0
1 0.2
-7 0.0
-4 0.0
1 0.4
-7 0.0
-2 0.2
1 0.2
-6 0.0
-2 0.0
3 0.4
-6 0.0
-2 0.4
-7 0.0
-4 0.4
-6 0.0
-2 0.2
-7 0.0
-4 0.2
-6 0.2
-9 0.4
-9 0.2
-9 0.0
-2 0.8
-2 0.2
-7 0.0
-4 0.4
-7 0.0
-2 0.4
-7 0.0
1 0.4
-7 0.0
-4 0.4
-6 0.0
-4 0.6
-6 1.4
-11 0.0
-2 0.4
-11 0.0
-4 0.2328
-11 0.0
-6 0.2328
-11 0.0
-7 0.2
-16 0.0
-7 1.4
-9 0.2
-17 0.0
-9 1.2
-14 0.2
-11 0.4
-18 0.2
-16 0.1
-18 0.1
-16 0.1
-18 0.1
-21 0.2
-23 0.2
-21 0.2
-23 0.4
-18 0.2
-14 0.2
-18 0.2
-11 0.2
-14 0.1
-9 0.2
-14 0.1
-6 0.4
-14 0.0
-7 0.2
-14 0.0
-6 0.2
-14 0.0
-7 0.2328
-11 0.2
-14 0.1
-9 0.2
-14 0.2
-16 0.0
-14 0.2
-14 0.2
-14 0.2
-16 0.4
-14 0.4
-4 0.4
-6 0.1
-4 0.1
-6 0.2
-6 0.2
-6 0.2
-7 0.2
-6 0.2
-7 0.2
-7 0.2
-7 0.2
-9 0.2
-11 0.2
-11 0.2
-9 0.2
-11 0.0
-9 0.2
-9 0.2
-9 0.2328
-9 0.2328
-10 0.0
-9 0.2328
-10 0.0
-9 0.2328
-9 0.2
-9 0.2
-11 0.05
-9 0.15
-9 0.2
-9 0.2
-11 0.1
-9 0.2328
-9 0.4
-2 0.4
-13 0.1
-9 0.1
-6 0.1
-2 0.1
-13 0.1
-9 0.1
-6 0.1
-2 0.1
-13 0.1
-9 0.1
-6 0.1
-2 0.1
-13 0.1
-9 0.1
-6 0.1
-2 0.1
1 0.1
-2 0.1
1 0.1
-2 0.1
1 0.2
-2 0.2
-4 0.2
-2 0.2
-1 0.1
-2 0.1
-4 0.1
-2 0.1
-4 0.1
-6 0.1
-7 0.1
-6 0.1
-4 0.1
-2 0.1
-1 0.1
-2 0.1
-4 0.1
-6 0.1
-7 0.1
-6 0.1
-4 0.1
-2 0.1
1 0.1
-1 0.1
-2 0.1
-4 0.1
-7 0.1
-4 0.1
-2 0.1
-1 0.1
1 0.1
-1 0.1
-2 0.1
-4 0.1
-7 0.1
-4 0.1
-2 0.1
-1 0.1
1 0.1
-1 0.1
-2 0.1
-4 0.1
-6 0.1
-7 0.1
1 0.1
-1 0.1
-2 0.1
-4 0.1
-6 0.1
-7 0.1
1 0.1
-2 0.1
-4 0.1
-7 0.1
1 0.05
-2 0.05
-4 0.05
-7 0.1
1 0.05
-2 0.05
-4 0.05
-7 0.1
1 0.05
-2 0.05
-4 0.05
-7 0.1
1 0.05
-2 0.05
-4 0.05
-7 0.1
1 0.05
-2 0.05
-4 0.05
-7 0.1
1 0.05
-2 0.05
-4 0.05
-7 0.1
1 0.05
-2 0.05
-4 0.05
-7 0.1
1 0.05
-2 0.05
-4 0.05
-7 0.05
-5 0.0
1 0.2
-5 0.0
3 1.3
-14 0.05
-9 0.05
-5 0.0
-2 5.3
-14 0.05
-21 0.05
-24 0.0
-17 5
