-11 0.005
-7 0.4
-7 0.4
-5 0.4
-9 0.4
-11 0.005
-7 0.4
-7 0.4
-5 0.4
-9 0.4
-11 0.005
-7 0.4
-7 0.4
-5 0.4
-9 0.4
-11 0.005
-7 1.2

-7 0.4
-12 0.005
-7 0.4
0 0.4
0 0.4
-2 0.4
-12 0.005
-4 0.4
-5 0.4
-7 0.4
-9 0.4
-12 0.005
-7 0.4
-5 0.4
-4 0.4
-2 0.4
-12 0.005
0 1.2
-7 0.4
-7 0.4
0 0.4
-12 0.005
0 0.4
-2 0.4
-4 0.4
-5 0.4
-12 0.005
-7 0.4
-9 0.4
-7 0.4
-5 0.4
-12 0.005
-4 0.4
-2 0.4
-12 0.005
0 1.2

0 0.4
-14 0.005
1 0.4
-2 0.4
0 0.4
1 0.4
-12 0.005
3 0.4
5 0.4
-8 0.005
0 0.4
-2 0.4
-7 0.005
-4 0.4
-7 0.4
-19 0.005
-5 0.4
-4 0.4
-5 0.005 -9 0.005
-2 0.8

-4 0.4
-2 0.4
-16 0.005 -9 0.005
0 0.8
1 0.4
0 0.4
-12 0.005
0 0.4
-2 0.4
-4 0.4
-5 0.4
-12 0.005 -19 0.005
-7 0.8
-4 0.2
-5 0.2
-7 0.4
-14 0.005 -21 0.005
-2 0.8
-4 0.4
-2 0.4
-16 0.005
0 0.4
1 0.4
3 0.4
5 0.4
-12 0.005
0 0.4
-2 0.4
-4 0.4
-5 0.4
-12 0.005 -19 0.005
-7 4