-7 0.41
-7 0.41
-5 0.41
-9 0.41
-7 0.41
-7 0.41
-5 0.41
-9 0.41
-7 0.41
-7 0.41
-5 0.41
-9 0.41
-7 1.23

-7 0.41
-7 0.41
0 0.41
0 0.41
-2 0.41
-4 0.41
-5 0.41
-7 0.41
-9 0.41
-7 0.41
-5 0.41
-4 0.41
-2 0.41
0 1.23
-7 0.41
-7 0.41
0 0.41
0 0.41
-2 0.41
-4 0.41
-5 0.41
-7 0.41
-9 0.41
-7 0.41
-5 0.41
-4 0.41
-2 0.41
0 1.23

0 0.41
1 0.41
-2 0.41
0 0.41
1 0.41
3 0.41
5 0.41
0 0.41
-2 0.41
-4 0.41
-7 0.41
-5 0.41
-4 0.41
-2 0.82

-4 0.41
-2 0.41
0 0.82
1 0.41
0 0.41
0 0.41
-2 0.41
-4 0.41
-5 0.41
-7 0.82
-4 0.205
-5 0.205
-7 0.41
-2 0.82
-4 0.41
-2 0.41
0 0.41
1 0.41
3 0.41
5 0.41
0 0.41
-2 0.41
-4 0.41
-5 0.41
-7 4