-12 .001
-5 .439
4 .22
0 .22
2 .22
4 .44
0 .66
4 .22
2 .44
0 .44
-3 .22
-19 .001
-12 .219
0 .44
2 .44
0 .44
-3 .22
-17 .001
-5 .001
-1 .218
-7 .001
-3 .219
-5 .001
-1 .219
-3 .001
0 .439
-1 .001
2 .659

-12 .001
-5 .439
4 .22
0 .22
2 .22
4 .44
0 .66
4 .22
2 .44
0 .44
-3 .22
-19 .001
-12 .219
4 .44
2 .44
0 .44
-17 .001
-7 .001
-1 1.54

-24 .001
-17 .001
-5 .438
4 .22
2 .44
4 .44
0 .66
4 .22
0 .22
2 .22
4 .66
-19 .001
-12 .001
-3 .438
4 .22
2 .44
4 .44
0 .66
0 .22
2 .44
0 .44

-24 .001
-17 .001
-5 .218
4 .44
2 .44
0 .44
-5 .22
-19 .001
-12 .001
-3 .218
0 .22
2 .22
-20 .001
-12 .001
-5 .218
0 .22
2 .22
-22 .001
-12 .001
-7 .218
0 .22
2 .22
-24 .001
-12 .001
-5 .218
0 .22
2 .22
-17 .001
-7 .001
0 .218
-1 .22
-3 .22
-5 .22