-17 2.2675736961451248E-5
-21 2.2675736961451248E-5
-24 0.5880498866213152
7 0.2785714285714286
7 0.3404761904761905
8 0.4023809523809524
7 0.37142857142857144
7 0.2785714285714286
8 0.5261904761904762
7 1.6095238095238096
-17 0.030952380952380953
-10 2.2675736961451248E-5
-13 0.5571201814058957
7 0.5261904761904762
7 0.3404761904761905
5 0.37142857142857144
5 0.3404761904761905
7 2.0915873015873014
-14 0.013174603174603174
-19 2.2675736961451248E-5
-10 0.5880725623582767
5 0.49523809523809526
5 0.37142857142857144
5 0.4023809523809524
3 0.3404761904761905
5 0.5261904761904762
7 1.5785714285714285
-15 5.215419501133786E-4
-12 0.030430839002267573
-19 0.3404761904761905
7 0.37142857142857144
7 0.3404761904761905
7 0.36054421768707484
5 0.3513605442176871
3 0.30952380952380953
3 2.1666666666666665
-16 0.030952380952380953
-12 0.02580498866213152
-19 0.5622902494331066
7 0.24761904761904763
7 0.2785714285714286
7 0.4023809523809524
5 0.4023809523809524
3 0.2785714285714286
3 0.49523809523809526
7 1.55140589569161
-14 0.027165532879818596
-21 2.2675736961451248E-5
-17 0.2785487528344671
5 0.24761904761904763
5 0.30952380952380953
3 0.2785714285714286
7 0.4023809523809524
5 0.3404761904761905
3 0.3404761904761905
3 2.104761904761905
-12 2.2675736961451248E-5
-16 2.2675736961451248E-5
-19 0.27852607709750565
5 0.2785714285714286
5 0.24761904761904763
3 0.30952380952380953
5 0.30952380952380953
3 0.2785714285714286
5 0.30952380952380953
3 0.37142857142857144
5 0.4023809523809524
3 0.44492063492063494
5 1.3193650793650793
-17 2.2675736961451248E-5
-13 2.2675736961451248E-5
-10 0.27852607709750565
7 0.24761904761904763
7 0.5880952380952381
7 0.43333333333333335
5 0.37142857142857144
5 0.30952380952380953
7 2.1666666666666665
-16 2.2675736961451248E-5
8 0.24759637188208616
-12 0.06190476190476191
8 0.2785714285714286
8 0.18571428571428572
-9 0.21666666666666667
8 0.5261904761904762
8 0.5261904761904762
8 0.2785714285714286
8 0.5880952380952381
8 0.5880952380952381
10 0.65
8 0.2785714285714286
8 0.21666666666666667
-21 0.2785714285714286
-17 0.21666666666666667
-14 0.3404761904761905
7 2.9095238095238094
7 0.2785714285714286
7 0.25326530612244896
7 0.05625850340136054
-19 0.24761904761904763
-16 0.21666666666666667
-12 0.09285714285714286
5 0.24761904761904763
5 2.7547619047619047
8 0.2832426303854875
8 0.27390022675736964
-24 2.2675736961451248E-5
8 0.2529251700680272
-21 0.2732426303854875
-17 0.030952380952380953
7 0.24761904761904763
7 3.572766439909297
-16 0.017709750566893424
7 0.24761904761904763
-12 0.016689342403628116
7 0.32378684807256236
8 2.2675736961451248E-5
-9 0.21684807256235827
8 0.5569387755102041
8 0.24761904761904763
8 0.2785714285714286
8 0.5261904761904762
8 0.7738095238095238
7 2.2675736961451248E-5
8 0.06188208616780046
10 0.5261904761904762
10 2.2675736961451248E-5
8 0.30950113378684807
8 0.18571428571428572
-21 0.24761904761904763
-17 0.24963718820861677
-14 0.2765532879818594
7 2.7547619047619047
7 0.2785714285714286
7 0.18571428571428572
-19 0.06190476190476191
7 0.21666666666666667
-16 0.24761904761904763
-12 0.09285714285714286
5 0.21666666666666667
5 2.8785714285714286
8 0.24761904761904763
8 0.2785714285714286
8 2.2675736961451248E-5
-17 0.32290249433106577
-13 0.2651700680272109
-10 0.24761904761904763
7 0.30952380952380953
7 1.1142857142857143
-17 2.2675736961451248E-5
-10 2.2675736961451248E-5
7 0.5261451247165533
7 0.06190476190476191
7 0.030952380952380953
7 0.030952380952380953
7 0.030952380952380953
7 0.06190476190476191
7 0.030952380952380953
7 0.030952380952380953
7 0.030952380952380953
7 0.03739229024943311
7 0.0245124716553288
7 0.04428571428571428
7 0.04857142857142857
7 0.030952380952380953
7 0.030952380952380953
7 0.030952380952380953
7 0.06190476190476191
7 0.030952380952380953
7 0.030952380952380953
7 0.030952380952380953
7 0.06190476190476191
7 2.2675736961451248E-5
7 0.06188208616780046
7 0.030952380952380953
7 0.06190476190476191
7 2.2675736961451248E-5
7 0.06188208616780046
7 0.030952380952380953
7 0.030952380952380953
7 0.030952380952380953
7 0.06190476190476191
7 0.030952380952380953
7 0.030952380952380953
7 0.030952380952380953
7 0.03390022675736962
7 0.05895691609977324
7 0.0017913832199546486
7 0.060113378684807255
7 0.030952380952380953
7 0.030952380952380953
7 0.030952380952380953
7 2.8166893424036283
