-21 0.0
-21 0.0
-21 0.0
-21 0.0
-21 0.0
-21 0.0
-21 0.0
-21 0.0
-21 0.0
-21 0.0
-21 0.0

-21 0.0
-21 0.0
-21 0.0
-21 0.0
-21 0.0
-21 0.0
-21 0.0
-21 0.0
-21 0.0
-21 0.0
-21 0.0

-21 0.0
-21 0.0
-21 0.0
-21 0.0
-21 0.0
-21 0.0
-21 0.0
-21 0.0
-21 0.0
-21 0.0
-21 0.0

-21 0.0
-21 0.0
-21 0.0
-21 0.0
-21 0.0
-21 0.0
-21 0.0
-21 0.0
-21 0.0
-21 0.0
-21 0.0

-17 0.0
-17 0.0
-17 0.0
-16 0.0
-9 0.0
-17 0.0
-16 0.0
-9 0.0
-17 0.0
-24 0.19028571428571428
-24 0.19028571428571428
-24 0.19028571428571428
-5 0.0
-5 0.0
-5 0.0
-16 0.0
-9 0.0
-21 0.0
-16 0.0
-9 0.0
-17 0.0
-24 0.19028571428571428
-24 0.19028571428571428
-24 0.19028571428571428

0 0.0
-12 0.0
0 0.14285714285714285
0 0.0
-12 0.0
10 0.14285714285714285
-15 0.0
8 0.14285714285714285
9 0.2857142857142857
-15 0.0
1 0.2857142857142857
-15 0.0
-15 0.0
4 0.14285714285714285
-16 0.0
2 0.14285714285714285
3 0.2857142857142857
-16 0.0
-4 0.2857142857142857
-16 0.0
-16 0.0
-1 0.14285714285714285
-17 0.0
-17 0.0
3 0.14285714285714285
-17 0.0
-24 0.19028571428571428
-24 0.19028571428571428
-24 0.19028571428571428

0 0.0
-12 0.0
0 0.14285714285714285
0 0.0
-12 0.0
-12 0.0
-15 0.0
8 0.14285714285714285
9 0.2857142857142857
-15 0.0
-15 0.0
-15 0.0
-15 0.0
4 0.14285714285714285
-16 0.0
2 0.14285714285714285
3 0.2857142857142857
-16 0.0
-16 0.0
-16 0.0
-16 0.0
3 0.14285714285714285
-21 0.0
-21 0.0
3 0.14285714285714285
-24 0.0


