-16 0.375
0 0.046875
3 0.046875
7 0.375
5 0.375
3 0.375
3 0.046875
-2 0.046875
-17 0.375
2 0.375
1 0.375
2 0.375
5 0.046875
0 0.046875
-19 0.375
3 0.375
2 0.375
3 0.375
10 0.046875
-14 1.125
8 0.375
7 0.046875
3 0.046875
0 0.046875
-16 1.125
5 0.375
5 0.046875
-17 1.125
3 0.375
5 0.046875
0 0.046875
-4 0.046875
-14 1.5
7 0.046875
2 0.046875
-1 0.046875
-17 1.125
-5 0.375
3 0.046875
-24 0.375
-17 0.375
-12 0.375
-5 0.375
2 0.046875
-14 0.375
-19 0.375
-14 0.375
-5 0.375
0 0.046875
-16 0.375
-12 0.375
-2 0.375
-4 0.375
-2 0.046875
-17 0.75
-9 0.375
-5 0.375
-7 0.046875
-19 0.375
-4 0.375
0 0.375
3 0.375
2 0.046875
-14 0.375
-2 0.375
-5 0.375
-7 0.375
-5 0.046875
-21 0.375
-17 0.375
-14 0.375
-9 0.375
-17 0.375
-13 0.375
-7 0.375
-5 0.375
3 0.046875
-24 0.375
-17 0.375
-12 0.375
-5 0.375
2 0.046875
-14 0.375
-7 0.375
-2 0.375
-5 0.375
0 0.046875
-16 0.375
-12 0.375
-2 0.375
-4 0.375
-2 0.046875
-17 0.375
-14 0.375
-9 0.375
-5 0.375
-7 0.046875
-19 0.375
-4 0.375
0 0.375
3 0.375
5 0.046875
-19 0.375
7 0.375
2 0.046875
-14 0.375
-2 0.375
0 0.046875
-24 0.375
-17 0.375
-12 0.375
-9 0.375
-9 0.046875
-5 1.125
