-20 0.05
-17 0.05
-12 0.65
-17 0
-12 0.5
-10 0.25
-8 0
-17 0.75
-8 0
-17 0.5
-5 0.25
-3 0
-12 0.5
0 0.25
-3 0
-12 0.5
-5 0.25
-8 0
-17 0.75
-8 0
-17 0.5
-10 0.25
-12 0
-19 0.75
-12 0
-3 0.75
-5 0
-13 0.5
-8 0.25
-10 0.5
-17 0.25
-19 0
-12 0.75
-17 0
-12 0.5
-10 0.25
-12 0
-20 1.5
-12 0.75
-12 0.5
-10 0.25
-8 0.75
-8 0.5
-5 0.25
-3 0.5
0 0.25
-3 0.5
-5 0.25
-8 0.75
-8 0.5
-10 0.25
-12 0
-15 0.75
-12 0
-15 0.5
-10 0.25
-8 0
-13 0.75
-8 0
-13 0.5
-5 0.25
-3 0
-7 0.75
-5 0
-8 0.5
-8 0.25
-10 0
-13 0
-17 1.5
-12 0
-17 0.75
-12 0
-17 0.5
-10 0.25
-8 0
-13 0.75
-8 0
-13 0.5
-5 0.25
-7 0
-3 0.25
0 0.5
-7 0
-3 0.5
-5 0.25
-12 0
-8 0.75
-12 0
-8 0.5
-10 0.25
-12 0
-15 0.75
-12 0
-3 0.75
-5 0
-13 0.5
-8 0.25
-10 0.5
-17 0.25
-19 0
-12 0.75
-17 0
-12 0.5
-10 0.25
-20 0
-12 1.5
-12 0
-17 0
-20 0.75
-12 0
-17 0.5
-10 0.25
-8 0
-13 0
-17 0.75
-8 0
-13 0.5
-5 0.25
-3 0
-7 0.5
0 0.25
-3 0
-7 0.5
-5 0.25
-8 0
-12 0.75
-8 0
-12 0.5
-10 0.25
-12 0
-15 0.75
-12 0
-15 0.5
-10 0.25
-8 0
-13 0.75
-8 0
-13 0.5
-5 0.25
-3 0
-7 0.75
-5 0
-8 0.5
-8 0.25
-10 0
-13 0
-17 0.5
-17 0.25
-19 0.5
-22 0.25
-20 0
-12 0.75
-20 0
-12 0.5
-10 0.25
-8 0
-17 0.75
-8 0
-17 0.5
-13 0
-5 0.25
-12 0
-3 0.5
0 0
-8 0.25
-12 0
-3 0.5
-13 0
-5 0.25
-8 0
-17 0.75
-8 0
-17 0.5
-10 0.25
-12 0
-20 0.75
-12 0
-3  0.75
-13 0
-5 0.5
-8 0
-17 0.25
-10 0
-19 0.5
-17 0
-24 0.25
-12 0
-19 0.75
-12 0
-17 0.5
-10 0.25
-12 0
-20 0.75
-8 0.5
-7 0.25
-5 0
-13 1.25
-3 0.25
-5 0
-12 1.25
-3 0.25
-5 0
-10 0.5
-8 0.25
-10 0.5
-12 0.25
-8 0
-15 0.75
0 0
4 0.5
5 0.25
7 0
-1 1.25
9 0.25
7 0
0 1.25
9 0.25
7 0
2 0.5
4 0.25
2 0.5
0 0.25
0 0
-3 0
-8 0.75
-8 0
-12 0.5
-7 0.25
-5 0
-8 0
-13 1.25
-3 0.25
-5 0
-12 0
-15 1.25
-3 0.25
-5 0
-10 0
-13 0.5
-3 0.25
0 0.5
-1 0.25
0 0
-3 0
-8 0
-12 0.75
4 0.5
5 0.25
7 0
4 0
-1 0.75
4 0.5
0 0.25
-3 0
-7 0
-12 0.75
0 0.5
2 0.25
4 0
-1 0
-5 0.5
2 0.25
0 0
-5 0
-10 0.5
2 0.25
0 0
-5 0
-8 0.5
0 0.25
12 0.75
0 0
-12 0.75
0 0
-12 0.5
2 0
-10 0.25
4 0
-8 0.75
4 0
-8 0.5
7 0
-5 0.25
9 0
-3 0.5
12 0
0 0.25
9 0
-3 0.5
7 0
-5 0.25
4 0
-8 0.75
4 0
-8 0.5
2 0
-10 0.25
0 0
-12 0.75
0 0
-12 0.5
2 0
-10 0.25
4 0
-8 0.75
4 0
-8 0.5
7 0
-5 0.25
9 0
-3 0.75
7 0
-5 0.5
4 0
-8 0.25
2 0
-10 0.75
-22 0.25
-20 0.25
-24 0.25
0 0
-12 0.75
0 0
-12 0.5
2 0
-10 0.25
4 0
-8 0.75
4 0
-8 0.5
7 0
-5 0.25
9 0
-3 0.5
12 0
0 0.25
9 0
-3 0.5
7 0
-5 0.25
4 0
-8 0.75
4 0
-8 0.5
2 0
-10 0.25
0 0
12 0.75
9 0
-3 0.75
7 0
-5 0.5
4 0
-8 0.25
2 0
-10 0.5
-5 0
-17 0.25
0 0
-12 0.75
0 0
-12 0.5
2 0
-10 0.25
0 0
-12 0.5
-20 0.25
-17 0.5
-20 0.25
-20 0.05
-17 0.05
-12 0.65
-20 0
-17 0
-12 0.5
-10 0.25
-8 0
-13 0
-17 0.75
-8 0
-13 0
-17 0.5
-5 0.25
-3 0
-7 0
-12 0.5
0 0.25
-3 0
-7 0
-12 0.5
-5 0.25
-8 0
-12 0
-17 0.75
-17 0.05
-13 0.05
-8 0.4
-10 0.25
-12 0
-15 0
-20 0.75
-12 0
-15 0
-20 0.5
-10 0.25
-8 0
-13 0
-17 0.75
-8 0
-13 0
-17 0.5
-5 0.25
-3 0
-7 0
-12 0.75
-5 0
-12 0.5
-8 0.25
-10 0
-13 0
-17 1.5
-12 0
-17 0
-20 0.75
-12 0
-17 0
-20 0.5
-10 0.25
-8 0
-13 0
-17 0.75
-8 0
-13 0
-17 0.5
-5 0.25
-3 0
-7 0
-12 0.5
0 0.25
-3 0.05
-1 0.05
-3 0.4
-5 0.25
-8 0
-12 0
-17 0.75
-8 0
-17 0.5
-10 0.25
-12 0
-20 0.75
-12 0
-3 0.75
-5 0
-13 0.5
-8 0
-17 0.25
-10 0
-19 0.5
-17 0
-24 0.25
-12 0
-19 0.75
-12 0
-17 0.5
-10 0.25
-12 0
-20 0.75
4 0.5
5 0.25
4 0
7 0
-1 0.5
-3 0.25
-5 0
-8 0
-13 0.5
9 0.25
7 0
5 0
0 0.5
-3 0.25
-5 0
-7 0
-9 0
-12 0.5
9 0.25
7 0
2 0.5
4 0.25
2 0.5
0 0.25
4 0
-3 0.75
-8 0
-12 0.5
-7 0.25
-5 0
-8 0
-13 0.5
9 0.25
7 0
4 0
-1 0.5
-3 0.25
-5 0
-7 0
-12 0.5
9 0.25
7 0
5 0
0 0.5
-3 0.25
-5 0
-10 0.5
-8 0.25
-10 0.5
-12 0.25
-12 0
-15 0
-20 0.75
-20 0.5
-19 0.25
-17 0
-20 0
-24 1.25
-15 0.25
-17 0
-19 0
-24 1.25
-15 0.25
-17 0
-22 0.5
-15 0.25
-12 0
-17 0.5
-13 0
-19 0.25
-12 0
-15 0
-20 0
-24 0.75
4 0
-8 0.5
5 0
-7 0.25
7 0
-5 0.75
4 0
-8 0.5
0 0
-12 0.25
-3 0
-15 0.75
0 0
-12 0.5
2 0
-10 0.25
4 0
-8 0.5
2 0
-10 0.25
0 0
-12 0.5
2 0
-10 0.25
0 0
-12 0.75
4 0
-8 0.5
5 0
-7 0.25
7 0
-1 0
-5 0.5
12 0.25
11 0.5
9 0
-3 0.25
7 0
0 0
-5 0.5
12 0.25
11 0.5
9 0
-3 0.25
7 0
2 0
-5 0.5
4 0
-8 0.25
2 0
-10 0.5
0 0
-12 0.25
4 0
-3 0
-8 0.75
-8 0.5
-7 0
-19 0.25
-5 0
-13 0
-17 0.5
9 0
-3 0.25
7 0
-5 0.5
-3 0
-15 0.25
-5 0
-13 0
-17 0.5
9 0
-3 0.25
7 0
-5 0.5
-3 0
-15 0.25
-5 0
-10 0
-17 0.5
-8 0
-20 0.25
-10 0.5
-5 0
-17 0.25
-8 0
-15 0
-20 0.75
-8 0
4 0.5
-7 0
5 0.25
7 0
-5 0.25
-5 0.25
-1 0.25
4 0.25
-1 0.25
-3 0
9 0.25
7 0
0 0
-5 0.25
-3 0.25
0 0.25
5 0.25
0 0.25
-3 0
9 0.25
7 0
2 0
-5 0.5
9 0
-3 0.25
0 0
12 0.5
-1 0
11 0.25
12 0
9 0
4 0
0 0.75
-8 0.5
-7 0
-19 0.25
-5 0
-13 0
-17 0.75
-8 0
-20 0.5
-12 0
-24 0.25
-24 0
-19 0
-15 0.75
-12 0.5
-10 0
-22 0.25
-8 0
-13 0
-20 0.5
-22 0
-10 0.25
-12 0
-17 0.5
-10 0
-22 0.25
-12 0
-17 0
-24 0.75
4 0.5
5 0.25
7 0
4 0
-1 0.75
4 0.5
0 0.25
-3 0
-7 0
-12 0.75
0 0.5
2 0.25
4 0
-1 0
-5 0.5
2 0.25
0 0
-5 0
-10 0.6
2 0.75
-12 0.25
-5 0.25
0 10