-16 0.25
-12 0.25
-10 0.5

-16 0.25
-12 0.25
-10 0.5

-16 0.25
-12 0.25
-10 0.25
-5 0.25

-7 0.5
-10 0.25
-9 0.25

-10 0.25
-14 0.25
-17 1.25

-19 0.25
-17 0.25
-14 0.25
-17 1.5


-16 0.25
-12 0.25
-10 0.5

-16 0.25
-12 0.25
-10 0.5

-16 0.25
-12 0.25
-10 0.25
-5 0.25

-7 0.5
-10 0.25
-9 0.25

-5 0.25
-10 0.25
-14 1.25

-10 0.25
-14 0.25
-19 0.25
-17 1.5


-19 0.25
-17 0.25
-16 0.5

-14 0.25
-12 0.25
-10 0.5

-9 0.25
-10 0.25
-17 1.5

-16 0.25
-14 0.25
-12 0.5

-10 0.25
-9 0.25
-7 0.5

-5 0.25
-4 0.25
-2 1.5


-19 0.25
-17 0.25
-16 0.5

-14 0.25
-12 0.25
-10 0.5

-9 0.25
-10 0.25
-17 1.5

-16 0.25
-17 0.25
-14 0.25
-16 0.25

-10 0.25
-12 0.25
-9 0.25
-10 0.25

-7 0.25
-9 0.25
-5 0.25
-7 0.25

-4 0.25
-5 0.25
-5 0.125
-4 0.25
-7 0.125

-5 2.0