-16 0.01
-1 0.34
3 0.35
-2 0.35
-1 0.35
-13 0.01
-9 0.01
-4 0.33
-2 0.35
-6 0.35
-7 0.35
-11 1.4
-7 0.01
-4 1.19
-1 0.35
-16 0.35
3 0.35
-2 0.35
-1 0.35
-13 0.01
-9 0.01
-4 0.33
-2 0.35
-1 0.35
1 0.35
-11 1.4
-7 0.01
-4 1.39
-16 0.7
-4 0.35
-4 0.35
-13 0.01
-9 0.01
-1 0.33
-1 0.35
-4 0.35
-4 0.35
-13 0.01
3 0.35
3 0.70
3 0.35
-9 0.01
-6 0.34
-1 1.05
-18 0.01
1 0.34
1 0.70
1 0.35
-14 0.01
-11 0.34
-2 1.4
-11 0.01
1 0.34
1 0.70
1 0.35
-7 0.01
-4 0.34
-1 0.35
-2 0.35
-4 0.35
-16 1.05
-4 0.35
-4 0.35
-13 0.01
-9 0.01
-1 0.33
-1 0.35
-4 0.35
-4 0.35
-13 0.01
3 0.34
3 0.70
3 0.35
-9 0.01
-6 0.34
-1 1.05
-18 0.01
1 0.34
1 0.70
1 0.35
-14 0.01
-11 0.34
-2 1.05
-11 0.01
1 0.34
1 0.70
1 0.35
-7 0.01
-4 0.34
-1 0.35
-2 0.35
-4 0.35
-16 1.4
-4 0.35
-13 0.01
-9 0.01
-1 0.33
-1 0.35
-4 0.35
-4 0.35
-13 0.01
3 0.34
3 0.70
3 0.35
-9 0.01
-6 0.34
-1 1.05
-18 0.01
1 0.34
1 0.70
1 0.35
-14 0.01
-11 0.34
-2 1.05
-11 0.01
1 0.34
1 0.70
1 0.35
-7 0.01
-4 0.34
-1 0.35
-2 0.35
-4 0.35
-16 0.70
-4 0.35
-4 0.35
-13 0.01
-9 0.01
-1 0.33
-1 0.35
-4 0.35
-4 0.35
-13 0.01
3 0.34
3 0.70
3 0.35
-9 0.01
-6 0.34
-1 1.05
-18 0.01
1 0.34
1 0.70
1 0.35
-14 0.01
-11 0.34
-2 1.05
-11 0.01
1 0.34
1 0.70
1 0.35
-7 0.01
-4 0.34
-1 0.35
-2 0.35
-4 0.35
-16 0.70
-4 0.35
-4 0.35
-13 0.01
-9 0.01
-1 0.33
-1 0.35
3 0.35
3 0.35
-11 0.01
5 0.34
1 0.70
1 0.35
-7 0.01
-4 0.01
5 0.33
5 0.35
1 0.35
1 0.35
-16 0.01
-4 1.04
-4 0.35
-13 0.01
-9 0.01
-1 0.33
-1 0.35
3 0.35
3 0.35
-11 0.01
5 0.34
1 0.35
1 0.35
1 0.35
-7 0.01
-4 0.01
5 0.33
5 0.35
1 0.35
1 0.35
-16 0.01
-4 1.04
-4 0.35
-13 0.01
-9 0.01
-1 0.33
-1 0.35
3 0.35
3 0.35
-11 0.01
5 0.34
1 0.70
1 0.35
-7 0.01
-4 0.01
5 0.33
5 0.35
1 0.35
1 0.35
-16 0.01
-4 1.04
-4 0.35
-13 0.01
-9 0.01
-1 0.33
-1 0.35
3 0.35
3 0.35
-11 0.01
5 0.34
1 0.35
1 0.35
1 0.35
-7 0.01
-4 0.01
5 0.33
5 0.35
1 0.35
1 0.35
-16 0.01
-1 0.34
-1 0.34
-2 0.35
-2 0.35
-13 0.01
-9 0.01
-4 0.33
-4 0.35
-6 0.35
-7 0.35
-11 1.05
-7 0.01
-4 1.05
-1 0.35
-16 0.35
-1 0.35
-2 0.35
-2 0.35
-13 0.01
-9 0.01
-4 0.33
-4 0.35
-6 0.35
1 0.35
-11 1.75
-7 0.01
-4 1.39
