0 0.030952380952380953
-5 2.1357142857142857
-16 0.030952380952380953
-9 2.011904761904762
-19 0.002653061224489796
-12 2.102108843537415
-17 2.2675736961451248E-5
-10 2.7547392290249433
-5 0.030952380952380953
-12 2.3214285714285716
-16 2.2675736961451248E-5
-9 2.1047392290249434
-19 2.2675736961451248E-5
-12 2.135691609977324
-17 2.7210884353741496E-4
-10 1.9187755102040815
0 0.45653061224489794
3 0.44108843537414966
7 0.49523809523809526
3 0.4642857142857143
8 0.49523809523809526
3 0.4642857142857143
7 0.4642857142857143
3 0.4642857142857143
0 0.4642857142857143
3 0.4642857142857143
7 0.4642857142857143
3 0.49523809523809526
8 0.49523809523809526
3 0.43333333333333335
7 0.4642857142857143
3 0.43333333333333335
-5 2.2675736961451248E-5
0 2.2675736961451248E-5
-12 0.5261451247165533
3 0.4642857142857143
7 0.4642857142857143
3 0.4642857142857143
8 0.49523809523809526
3 0.47453514739229025
7 0.48498866213151925
3 0.49523809523809526
-16 0.030952380952380953
-9 0.4642857142857143
3 0.43333333333333335
7 0.49523809523809526
3 0.4642857142857143
8 0.49523809523809526
3 0.4642857142857143
7 0.49523809523809526
3 0.7428571428571429
-19 0.06190476190476191
-12 0.4746031746031746
3 0.4546031746031746
7 0.4946031746031746
3 0.4642857142857143
8 0.4387755102040816
3 0.4897959183673469
7 0.43333333333333335
3 0.49523809523809526
-17 2.2675736961451248E-5
-10 0.4952154195011338
3 0.49523809523809526
7 0.4642857142857143
3 0.4642857142857143
-2 0.46789115646258506
2 0.4916326530612245
5 0.43333333333333335
2 0.6190476190476191
-5 2.2675736961451248E-5
0 0.030453514739229026
-12 0.46476190476190476
3 0.43333333333333335
7 0.4642857142857143
3 0.4642857142857143
8 0.4642857142857143
3 0.49523809523809526
7 0.42383219954648527
3 0.7483673469387755
0 0.00399092970521542
-16 2.2675736961451248E-5
-9 0.5261678004535147
3 0.4642857142857143
7 0.43333333333333335
3 0.43333333333333335
8 0.4642857142857143
3 0.49523809523809526
7 0.4023809523809524
3 0.49523809523809526
0 2.2675736961451248E-5
-12 0.0309297052154195
-19 0.4854421768707483
3 0.4431292517006803
7 0.4642857142857143
3 0.4659410430839002
8 0.4935827664399093
3 0.47759637188208615
7 0.5128798185941043
3 1.1452380952380952
0 0.007233560090702948
-10 0.023718820861678005
-17 0.4642857142857143
3 0.5261904761904762
7 0.4675283446712018
3 0.516485260770975
-2 0.4707482993197279
2 0.4694331065759637
5 0.4900907029478458
2 0.4978004535147392
-12 0.4751020408163265
-5 0.481859410430839
0 0.5261904761904762
3 0.5571428571428572
7 2.2595238095238095
-16 0.5261904761904762
-9 0.5261904761904762
-4 0.4642857142857143
0 0.5261904761904762
3 2.2595238095238095
-19 0.49523809523809526
-12 0.5261904761904762
-7 0.5261904761904762
-4 0.5316326530612245
0 2.315986394557823
-17 0.5261904761904762
-10 0.49523809523809526
-5 0.5261904761904762
-2 0.49523809523809526
2 2.1357142857142857
-5 0.0014058956916099773
0 0.029546485260770975
-12 0.4642857142857143
3 0.5046485260770975
7 0.4274603174603175
3 0.49170068027210884
8 0.49523809523809526
3 0.49523809523809526
7 0.4702267573696145
3 1.758344671201814
0 0.030952380952380953
-9 2.2675736961451248E-5
-16 0.5261678004535147
3 0.4642857142857143
7 0.4642857142857143
3 0.43333333333333335
8 0.5226530612244898
3 0.4987755102040816
7 0.4642857142857143
3 0.4812925170068027
0 0.013945578231292517
-12 2.2675736961451248E-5
-19 0.4952154195011338
3 0.4642857142857143
7 0.4642857142857143
3 0.5185260770975056
8 0.4719501133786848
3 0.49523809523809526
7 0.49523809523809526
3 0.5191609977324263
-17 0.007029478458049887
-10 0.5571428571428572
3 0.49523809523809526
7 0.5261904761904762
3 0.49523809523809526
-2 0.4642857142857143
2 0.49523809523809526
5 0.49523809523809526
2 0.5261904761904762
-12 0.030952380952380953
-5 2.2675736961451248E-5
0 3.157142857142857
