5 0.15
5 0.3
5 0.3

1 0.15
5 0.3

9 0.6

-5 0.6



1 0.45
-5 0.45

-9 0.45

-3 0.3
-1 0.3

-2 0.15
-3 0.3



-7 0.2
5 0.2
9 0.2

11 0.3
7 0.15
9 0.3

5 0.3
1 0.15

3 0.15
-1 0.45



1 0.45
-5 0.45

-9 0.45

-3 0.3
-1 0.3

-2 0.15
-3 0.3



-7 0.2
5 0.2
9 0.2

11 0.3
7 0.15
9 0.3

5 0.3
1 0.15

3 0.15
-1 0.75



9 0.15
8 0.15

7 0.15
3 0.3
5 0.3

-4 0.15
-3 0.15
1 0.3

-3 0.15
1 0.15
3 0.45



9 0.15
8 0.15

7 0.15
3 0.3
5 0.3

11 0.3
11 0.15
11 0.6



9 0.15
8 0.15

7 0.15
3 0.3
5 0.3

-4 0.15
-3 0.15
1 0.3

-3 0.15
1 0.15
3 0.45



4 0.45

3 0.45

1 1.2



9 0.15
8 0.15

7 0.15
3 0.3
5 0.3

-4 0.15
-3 0.15
1 0.3

-3 0.15
1 0.15
3 0.45



9 0.15
8 0.15

7 0.15
3 0.3
5 0.3

11 0.3
11 0.15
11 0.6



9 0.15
8 0.15

7 0.15
3 0.3
5 0.3

-4 0.15
-3 0.15
1 0.3

-3 0.15
1 0.15
3 0.45



4 0.45

3 0.45

1 1.2



1 0.15
1 0.3
1 0.3

1 0.15
3 0.3

5 0.15
1 0.3
-3 0.15

-5 0.6



1 0.15
1 0.3
1 0.3

1 0.15
3 0.15
5 1.35



1 0.15
1 0.3
1 0.3

1 0.15
3 0.3

5 0.15
1 0.3
-3 0.15

-5 0.6

5 0.15
5 0.3
5 0.3

1 0.15
5 0.3

9 0.6

-5 0.6



1 0.45
-5 0.45

-9 0.45

-3 0.3
-1 0.3

-2 0.15
-3 0.3



-7 0.2
5 0.2
9 0.2

11 0.3
7 0.15
9 0.3

5 0.3
1 0.15

3 0.15
-1 0.45



5 0.15
1 0.3
-5 0.45

-4 0.3

-3 0.15
7 0.3
7 0.15

-3 0.6



-1 0.2
11 0.2
11 0.2

11 0.2
9 0.2
7 0.2

5 0.15
1 0.3
-3 0.15

-5 0.6



5 0.15
1 0.3
-5 0.45

-4 0.3

-3 0.15
7 0.3
7 0.15

-3 0.6



-1 0.15
7 0.3
7 0.15

7 0.2
5 0.2
3 0.2

1 0.15
-3 0.3
-3 0.15
-6 0.6




5 0.15
1 0.3
-5 0.45

-4 0.3

-3 0.15
7 0.3
7 0.15

-3 0.6



-1 0.2
11 0.2
11 0.2

11 0.2
9 0.2
7 0.2

5 0.15
1 0.3
-3 0.15

-5 0.6



5 0.15
1 0.3
-5 0.45

-4 0.3

-3 0.15
7 0.3
7 0.15

-3 0.6



-1 0.15
7 0.3
7 0.15

7 0.2
5 0.2
3 0.2

1 0.15
-3 0.3
-3 0.15
-6 0.6



1 0.15
1 0.3
1 0.3

1 0.15
3 0.3

5 0.15
1 0.3
-3 0.15

-5 0.6



1 0.15
1 0.3
1 0.3

1 0.15
3 0.15
5 1.35



1 0.15
1 0.3
1 0.3

1 0.15
3 0.3

5 0.15
1 0.3
-3 0.15

-5 0.6

5 0.15
5 0.3
5 0.3

1 0.15
5 0.3

9 0.6

-5 0.6



5 0.15
1 0.3
-5 0.45

-4 0.3

-3 0.15
7 0.3
7 0.15

-3 0.6



-1 0.2
11 0.2
11 0.2

11 0.2
9 0.2
7 0.2

5 0.15
1 0.3
-3 0.15

-5 0.6



5 0.15
1 0.3
-5 0.45

-4 0.3

-3 0.15
7 0.3
7 0.15

-3 0.6



-1 0.15
7 0.3
7 0.15

7 0.2
5 0.2
3 0.2

1 0.15
-3 0.3
-3 0.15
-6 0.6



1 0.45
-5 0.45

-9 0.3

-3 0.2
-1 0.2
-3 0.2



-4 0.3
-2 0.3

-4 0.3
-5 0.15
-6 0.15

-5 1.6
