-17 0.0
-14 0.11
-22 0.11
-22 0.0
-19 0.11
-19 0.0
-15 0.11
-14 0.45
-14 0.45
13 0.23
-14 0.11
-14 0.11
-14 0.45
-14 0.45
-14 0.45
-24 0.0
-16 0.15
-24 0.0
-16 0.15
-24 0.0
-16 0.15
-24 0.0
-16 0.15
-24 0.0
-16 0.15
-24 0.0
-15 0.15
-19 0.0
-14 0.0
-14 0.45
-19 0.22
-22 0.0
-10 0.0
-14 0.23
-19 0.0
-7 0.22
-14 0.23
-19 0.22
-14 0.23
-24 0.0
-21 0.0
-16 0.45
-21 0.22
-16 0.23
-4 0.23
-21 0.23
-21 0.0
-16 0.22
-21 0.0
-5 0.11
-6 0.11
-19 0.0
-7 0.0
-14 0.45
-19 0.23
-14 0.22
-24 0.0
-16 0.23
-19 0.22
-16 0.23
-19 0.0
-17 0.11
-18 0.11
-22 0.0
-19 0.0
-14 0.45
-19 0.23
-14 0.22
-21 0.23
-19 0.07
-22 0.22
-14 0.08
-21 0.23
-19 0.07
-19 0.0
-14 0.0
-14 0.45
-19 0.22
-14 0.0
-22 0.0
-10 0.23
-19 0.0
-7 0.23
-19 0.22
-14 0.22
-19 0.23
-24 0.0
-21 0.0
-16 0.45
-21 0.23
-16 0.22
-17 0.0
-9 0.23
-21 0.07
-17 0.0
-10 0.23
-16 0.07
-21 0.0
-9 0.23
-21 0.07
-22 0.0
-7 0.0
-14 0.45
-19 0.23
-14 0.22
-19 0.0
-16 0.23
-19 0.07
-17 0.23
-14 0.07
-21 0.09
-19 0.11
-19 0.11
-19 0.0
-14 0.45
-19 0.22
-14 0.45
-19 0.0
-22 0.23
-14 0.0
-21 0.23
-19 0.23
-19 0.0
-14 0.0
-14 0.45
-19 0.22
-22 0.0
-10 0.0
-14 0.23
-19 0.0
-7 0.22
-14 0.23
-19 0.22
-14 0.23
-24 0.0
-21 0.0
-16 0.45
-21 0.22
-16 0.23
-4 0.23
-21 0.23
-21 0.0
-16 0.22
-21 0.0
-5 0.11
-6 0.11
-19 0.0
-7 0.0
-14 0.45
-19 0.23
-14 0.22
-24 0.0
-16 0.23
-19 0.22
-16 0.23
-19 0.0
-17 0.11
-18 0.11
-22 0.0
-19 0.0
-14 0.45
-19 0.23
-14 0.22
-21 0.23
-19 0.07
-22 0.22
-14 0.08
-21 0.23
-19 0.07
-19 0.0
-14 0.0
-14 0.45
-19 0.22
-14 0.0
-22 0.0
-10 0.23
-19 0.0
-7 0.23
-19 0.22
-14 0.22
-19 0.23
-21 0.0
-16 0.45
-21 0.23
-16 0.0
-21 0.23
-4 0.23
-21 0.07
-5 0.15
-16 0.0
-17 0.15
-4 0.15
-21 0.15
-19 0.0
-2 0.0
-14 0.45
-19 0.22
-16 0.0
-14 0.0
1 0.23
-2 0.0
-14 0.23
-19 0.22
-14 0.23
-19 0.0
-14 0.22
-14 0.45
-19 0.23
-12 0.23
0 0.23
-16 0.23
-12 0.22
-16 0.0
-9 0.22
-19 0.0
1 0.0
-23 0.45
-16 0.22
-23 0.0
-4 0.23
-4 0.23
-16 0.22
-23 0.0
-17 0.23
-16 0.22
-19 0.0
-16 0.0
-23 0.45
-16 0.23
-23 0.22
-14 0.0
1 0.23
-16 0.22
-16 0.0
-23 0.0
2 0.23
-14 0.22
-17 0.0
3 0.0
-9 0.45
-14 0.22
-9 0.0
-2 0.23
-2 0.23
-14 0.22
-9 0.0
-16 0.23
-14 0.22
-17 0.0
-14 0.0
-9 0.45
-14 0.23
-9 0.22
-9 0.0
3 0.23
-14 0.22
-8 0.0
4 0.23
-12 0.22
-7 0.0
5 0.22
-19 0.11
-19 0.0
-7 0.11
-19 0.23
-19 0.11
-19 0.0
-7 0.11
-19 0.23
-19 0.11
-19 0.0
-7 0.11
-19 0.23
-19 0.11
-19 0.0
-7 0.11
-19 0.23
-19 0.11
-19 0.0
-7 0.11
-19 0.23
-19 0.11
-19 0.0
-7 0.11
-21 0.0
3 0.3
-21 0.0
3 0.3
-20 0.0
4 0.3
-19 0.0
5 0.22
-19 .11
-19 0.0
-7 0.11
-19 0.23
-19 0.11
-19 0.0
-7 0.11
-19 0.23
-19 0.11
-19 0.0
-7 0.11
-19 0.23
-19 0.11
-19 0.0
-7 0.11
-7 0.22
-19 0.11
-19 0.0
-7 0.11
-19 0.23
-19 0.11
-19 0.0
-7 0.11
-17 0.0
-21 0.0
3 0.3
-17 0.0
-21 0.0
3 0.3
-19 0.0
-17 0.0
2 0.3
-19 0.0
-14 0.0
-14 0.45
-19 0.22
-22 0.0
-10 0.0
-14 0.23
-19 0.0
-7 0.22
-14 0.23
-19 0.22
-14 0.23
-24 0.0
-21 0.0
-16 0.45
-21 0.22
-16 0.23
-4 0.23
-21 0.23
-21 0.0
-16 0.22
-21 0.0
-5 0.11
-6 0.11
-19 0.0
-7 0.0
-14 0.45
-19 0.23
-14 0.22
-24 0.0
-16 0.23
-19 0.22
-16 0.23
-19 0.0
-17 0.11
-18 0.11
-22 0.0
-19 0.0
-14 0.45
-19 0.23
-14 0.22
-21 0.23
-19 0.07
-22 0.22
-14 0.08
-21 0.23
-19 0.07
-19 0.0
-14 0.0
-14 0.45
-19 0.22
-14 0.0
-22 0.0
-10 0.23
-19 0.0
-7 0.23
-19 0.22
-14 0.22
-19 0.23
-24 0.0
-21 0.0
-16 0.45
-21 0.23
-16 0.22
-17 0.0
-9 0.23
-21 0.07
-17 0.0
-10 0.23
-16 0.07
-21 0.0
-9 0.23
-21 0.07
-22 0.0
-7 0.0
-14 0.45
-19 0.23
-14 0.22
-19 0.0
-16 0.23
-19 0.07
-17 0.23
-14 0.07
-21 0.09
-19 0.11
-19 0.11
-19 0.0
-14 0.45
-19 0.22
-14 0.45
-19 0.0
-22 0.23
-14 0.0
-21 0.23
-19 0.23
-19 0.0
-14 0.0
-14 0.45
-19 0.22
-22 0.0
-10 0.0
-14 0.23
-19 0.0
-7 0.22
-14 0.23
-19 0.22
-14 0.23
-24 0.0
-21 0.0
-16 0.45
-21 0.22
-16 0.23
-4 0.23
-21 0.23
-21 0.0
-16 0.22
-21 0.0
-5 0.11
-6 0.11
-19 0.0
-7 0.0
-14 0.45
-19 0.23
-14 0.22
-24 0.0
-16 0.23
-19 0.22
-16 0.23
-19 0.0
-17 0.11
-18 0.11
-22 0.0
-19 0.0
-14 0.45
-19 0.23
-14 0.22
-21 0.23
-19 0.07
-22 0.22
-14 0.08
-21 0.23
-19 0.07
-19 0.0
-14 0.0
-14 0.45
-19 0.22
-14 0.0
-22 0.0
-10 0.23
-19 0.0
-7 0.23
-19 0.22
-14 0.22
-19 0.23
-21 0.0
-16 0.45
-21 0.23
-16 0.0
-21 0.23
-4 0.23
-21 0.07
-5 0.15
-16 0.0
-17 0.15
-4 0.15
-21 0.15
-19 0.0
-2 0.0
-14 0.45
-19 0.22
-16 0.0
-14 0.0
1 0.23
-2 0.0
-14 0.23
-19 0.22
-14 0.23
-19 0.0
-14 0.22
-14 0.45
-19 0.23
-12 0.23
0 0.23
-16 0.23
-12 0.22
-16 0.0
-9 0.22
-19 0.0
1 0.0
-23 0.45
-16 0.22
-23 0.0
-4 0.23
-4 0.23
-16 0.22
-23 0.0
-17 0.23
-16 0.22
-19 0.0
-16 0.0
-23 0.45
-16 0.23
-23 0.22
-14 0.0
1 0.23
-16 0.22
-16 0.0
-23 0.0
2 0.23
-14 0.22
-17 0.0
3 0.0
-9 0.45
-14 0.22
-9 0.0
-2 0.23
-2 0.23
-14 0.22
-9 0.0
-16 0.23
-14 0.22
-17 0.0
-14 0.0
-9 0.45
-14 0.23
-9 0.22
-9 0.0
3 0.23
-14 0.22
-8 0.0
4 0.23
-12 0.22
-7 0.0
5 0.22
-19 0.11
-19 0.0
-7 0.11
-19 0.23
-19 0.11
-19 0.0
-7 0.11
-19 0.23
-19 0.11
-19 0.0
-7 0.11
-19 0.23
-19 0.11
-19 0.0
-7 0.11
-19 0.23
-19 0.11
-19 0.0
-7 0.11
-19 0.23
-19 0.11
-19 0.0
-7 0.11
-21 0.0
3 0.3
-21 0.0
3 0.3
-20 0.0
4 0.3
-19 0.0
5 0.22
-19 .11
-19 0.0
-7 0.11
-19 0.23
-19 0.11
-19 0.0
-7 0.11
-19 0.23
-19 0.11
-19 0.0
-7 0.11
-19 0.23
-19 0.11
-19 0.0
-7 0.11
-7 0.22
-19 0.11
-19 0.0
-7 0.11
-19 0.23
-19 0.11
-19 0.0
-7 0.11
-17 0.0
-21 0.0
3 0.3
-17 0.0
-21 0.0
3 0.3
-19 0.0
-17 0.0
2 0.3