-16 0.4333333333333333
-21 0.4333333333333333
-16 0.28888888888888886
-15 0.4333333333333333
-13 0.4333333333333333
-15 0.28888888888888886
-16 0.4333333333333333
-21 0.4333333333333333
-16 0.28888888888888886
-15 0.4333333333333333
-13 0.4333333333333333
-15 0.28888888888888886
-4 0.4333333333333333
-9 0.4333333333333333
-4 0.28888888888888886
-3 0.4333333333333333
-1 0.4333333333333333
-3 0.28888888888888886
-4 0.4333333333333333
-9 0.4333333333333333
-4 0.28888888888888886
-3 0.4333333333333333
-1 0.4333333333333333
-3 0.28888888888888886
-16 0.4333333333333333
-14 0.4333333333333333
-9 0.28888888888888886
-11 0.14444444444444443
-12 0.14444444444444443
-14 0.14444444444444443
-16 0.14444444444444443
-12 0.14444444444444443
-14 0.14444444444444443
-16 0.14444444444444443
-21 0.14444444444444443
-18 0.5777777777777777
-14 0.5777777777777777
-11 0.4333333333333333
-7 0.4333333333333333
-9 0.28888888888888886
-16 0.4333333333333333
-14 0.4333333333333333
-9 0.28888888888888886
-11 0.14444444444444443
-12 0.14444444444444443
-14 0.14444444444444443
-16 0.14444444444444443
-12 0.14444444444444443
-14 0.14444444444444443
-16 0.14444444444444443
-21 0.14444444444444443
-18 0.5777777777777777
-14 0.5777777777777777
-11 0.4333333333333333
-7 0.28888888888888886
-9 0.14444444444444443
-11 0.14444444444444443
-12 0.14444444444444443
-16 0.4333333333333333
-21 0.4333333333333333
-16 0.28888888888888886
-9 0.4333333333333333
-12 0.4333333333333333
-16 0.28888888888888886
-18 0.4333333333333333
-23 0.4333333333333333
-18 0.28888888888888886
-14 0.4333333333333333
-16 0.4333333333333333
-18 0.28888888888888886
-16 0.4333333333333333
-21 0.4333333333333333
-16 0.28888888888888886
-9 1.1555555555555554
-16 1.011111111111111
-21 0.14444444444444443
-12 0.7222222222222221
-9 0.14444444444444443
-7 0.28888888888888886
-6 0.8666666666666666
-7 0.28888888888888886
-6 0.28888888888888886
-7 0.28888888888888886
-9 0.28888888888888886
-11 0.14444444444444443
-9 0.14444444444444443
-11 0.7222222222222221
-9 0.14444444444444443
-11 0.14444444444444443
-14 0.14444444444444443
-12 0.7222222222222221
-9 0.14444444444444443
-4 0.28888888888888886
-3 0.8666666666666666
-4 0.28888888888888886
-3 0.28888888888888886
-4 0.28888888888888886
-6 0.28888888888888886
-8 0.14444444444444443
-6 0.14444444444444443
-8 0.7222222222222221
-6 0.14444444444444443
-8 0.14444444444444443
-11 0.14444444444444443
-9 0.5777777777777777
-4 0.5777777777777777
-16 0.4333333333333333
-21 0.4333333333333333
-16 0.28888888888888886
-15 0.4333333333333333
-13 0.4333333333333333
-15 0.28888888888888886
-16 0.4333333333333333
-21 0.4333333333333333
-16 0.28888888888888886
-15 0.4333333333333333
-13 0.4333333333333333
-15 0.28888888888888886
-4 0.4333333333333333
-9 0.4333333333333333
-4 0.28888888888888886
-3 0.4333333333333333
-1 0.4333333333333333
-3 0.28888888888888886
-4 0.4333333333333333
-9 0.4333333333333333
-4 0.28888888888888886
-3 0.4333333333333333
-1 0.4333333333333333
-3 0.28888888888888886
-4 4.433333333333334
