8 0.08333
7 0.08333
6 0.08333
7 0.08333
6 0.08333
5 0.08333
-3 0.0
6 0.08333
-4 0.0
5 0.08333
-5 0.0
4 0.08333
-4 0.0
5 0.08333
-5 0.0
4 0.08333
-6 0.0
3 0.08333
-10 0.0
-5 0.0
2 0.08333
-9 0.0
-6 0.08333
-8 0.0
-7 0.08333
-9 0.0
-6 0.08333
-8 0.0
-7 0.08333
-7 0.0
-8 0.08333
-7 0.0
-3 0.08333
-8 0.0
-4 0.08333
-9 0.0 
-5 0.08333
-8 0.0
-4 0.08333
-9 0.0
-5 0.08333
-10 0.0
-6 0.08333
-13 0.0
-5 0.08333
-12 0.0
-6 0.08333
-23 0.0
-7 0.08333
-24 0.0
-6 0.08333
-23 0.0 
-7 0.08333
-22 0.0
-8 0.08333
-24 0.0
-7 0.08333
-22 0.0
-8 0.08333

2 0.0
-15 0.0
-10 0.16666
-3 0.16666
-10 0.16666
-3 0.16666
-10 0.16666
-3 0.16666
-10 0.16666
-3 0.16666
2 0.0
-15 0.0
-10 0.16666
-3 0.16666
-10 0.16666
-3 0.16666
-10 0.16666
-9 0.0
-14 0.0
3 0.5

2 0.0
-15 0.0
-10 0.16666
-3 0.16666
-10 0.16666
-3 0.16666
-10 0.16666
-3 0.16666
-10 0.16666
-3 0.16666
2 0.0
-15 0.0
-10 0.16666
-3 0.16666
-10 0.16666
-3 0.16666
-10 0.16666
1 0.0
-11 0.0
-16 0.5

2 0.0
-15 0.0
-10 0.16666
-3 0.16666
-10 0.16666
-3 0.16666
-10 0.16666
-3 0.16666
-10 0.16666
-3 0.16666
2 0.0
-15 0.0
-10 0.16666
-3 0.16666
-10 0.16666
-3 0.16666
-10 0.16666
3 0.0
-9 0.0
-14 0.5

2 0.0
-15 0.0
-10 0.16666
-3 0.16666
-10 0.16666
-3 0.16666
-10 0.16666
-3 0.16666
-10 0.16666
-3 0.16666
2 0.0
-15 0.0
-10 0.16666
-3 0.16666
-10 0.16666
-3 0.16666
-10 0.16666
4 0.0
-8 0.0
-12 0.5

6 0.0
-6 0.0
-15 0.08333
-12 0.08333
-3 0.0
-3 0.08333
-5 0.08333
4 0.0
-8 0.0
-8 0.08333
-3 0.08333
-3 0.0
-5 0.08333
-8 0.08333
6 0.0
-6 0.0
-3 0.08333
-5 0.08333
-3 0.0
-8 0.08333
-3 0.08333
7 0.0
-5 0.0
-5 0.08333
-8 0.08333
9 0.0
-3 0.0
-3 0.0
-3 0.08333
-5 0.08333
-8 0.08333
-3 0.08333
7 0.0
-5 0.0
-3 0.0
-5 0.08333
-8 0.08333
-3 0.08333
-5 0.08333
6 0.0
-6 0.0
-3 0.0
-8 0.08333
-3 0.08333
4 0.0
-8 0.0
-5 0.08333
-8 0.08333
2 0.0
-10 0.0
-3 0.0
-3 0.08333
-5 0.08333
4 0.0
-8 0.0
-8 0.08333
-3 0.08333
6 0.0
-6 0.0
-3 0.0
-5 0.08333
-8 0.08333

0 0.0
-12 0.0
-17 0.08333
-12 0.08333
-5 0.0
-8 0.08333
-10 0.08333
-12 0.08333
-8 0.08333
-5 0.0
-10 0.08333
-12 0.08333
4 0.0
-8 0.0
-8 0.08333
-10 0.08333
-5 0.0
-12 0.08333
-8 0.08333
-10 0.08333
-12 0.08333
-5 0.0
-8 0.08333
-10 0.08333
7 0.0
-5 0.0
-12 0.08333
-8 0.08333
-5 0.0
-10 0.08333
-12 0.08333
-8 0.08333
-10 0.08333
-5 0.0
-12 0.08333
-8 0.08333
4 0.0
-8 0.0
-10 0.08333
-12 0.08333
-5 0.0
-8 0.08333
-10 0.08333
-12 0.08333
-8 0.08333
-5 0.0
-10 0.08333
-12 0.08333

6 0.0
-6 0.0
-15 0.08333
-12 0.08333
-3 0.0
-3 0.08333
-5 0.08333
4 0.0
-8 0.0
-8 0.08333
-3 0.08333
-3 0.0
-5 0.08333
-8 0.08333
6 0.0
-12 0.0
-3 0.08333
-5 0.08333
-3 0.0
-8 0.08333
-3 0.08333
7 0.0
-5 0.0
-5 0.08333
-8 0.08333
9 0.0
-3 0.0
-3 0.0
-3 0.08333
-5 0.08333
-8 0.08333
-3 0.08333
7 0.0
-5 0.0
-3 0.0
-5 0.08333
-8 0.08333
-3 0.08333
-5 0.08333
6 0.0
-6 0.0
-3 0.0
-8 0.08333
-3 0.08333
4 0.0
-8 0.0
-5 0.08333
-8 0.08333
2 0.0
-10 0.0
-3 0.0
-3 0.08333
-5 0.08333
4 0.0
-8 0.0
-8 0.08333
-3 0.08333
6 0.0
-6 0.0
-3 0.0
-5 0.08333
-8 0.08333

4 0.0
-8 0.0
-17 0.08333
-12 0.08333
-5 0.0
-8 0.08333
-10 0.08333
-12 0.08333
-8 0.08333
-5 0.0
-10 0.08333
-12 0.08333
2 0.0
-10 0.0
-8 0.08333
-10 0.08333
-5 0.0
-12 0.08333
-8 0.08333
-10 0.08333
-12 0.08333
-5 0.0
-8 0.08333
-10 0.08333
0 0.0
-12 0.0
-12 0.08333
-8 0.08333
-5 0.0
-10 0.08333
-12 0.08333
-8 0.08333
-10 0.08333
-5 0.0
-12 0.08333
-8 0.08333
7 0.0
-5 0.0
-10 0.08333
-12 0.08333
-5 0.0
-8 0.08333
-10 0.08333
7 0.0
-5 0.0
-12 0.08333
-8 0.08333
4 0.0
-5 0.0
-10 0.08333
-12 0.08333

-10 0.0
-22 0.16666
-10 0.0
-22 0.16666
-7 0.0
-19 0.0
-7 0.08333
-8 0.08333
-10 0.08333
-7 0.08333
-10 0.0
-22 0.16666
-10 0.0
-22 0.16666
-5 0.0
-17 0.0
-5 0.08333
-7 0.08333
-10 0.08333
-5 0.08333
-10 0.0
-22 0.16666
-10 0.0
-22 0.16666
-7 0.0
-19 0.0
-3 0.08333
-5 0.08333
-8 0.08333
-3 0.08333
-10 0.0
-22 0.16666
-8 0.0
-20 0.0
-5 0.08333
-8 0.08333
-10 0.0
-22 0.0
-5 0.16666
-10 0.0
-22 0.0
-4 0.16666

-7 0.0
-19 0.0
-7 0.08333
-8 0.08333
-10 0.08333
-7 0.08333
-10 0.0
-22 0.16666
-10 0.0
-22 0.16666
-5 0.0
-17 0.0
-5 0.08333
-7 0.08333
-10 0.08333
-5 0.08333
-10 0.0
-22 0.16666
-10 0.0
-22 0.16666
-7 0.0
-19 0.0
-3 0.08333
-5 0.08333
-8 0.08333
-3 0.08333
-10 0.0
-22 0.0
-5 0.16666
-10 0.0
-22 0.0
-8 0.16666
-8 0.0
-20 0.0
-7 0.16666
-10 0.0
-22 0.00
-8 0.16666
-12 0.0
-24 0.0
-3 0.16666
-8 0.0
-20 0.0
-5 0.16666

-10 0.0
-22 0.16666
-10 0.0
-22 0.16666
2 0.0
-9 0.08333
-10 0.08333
-12 0.08333
-10 0.08333
3 0.0
-9 0.08333
-10 0.08333
-12 0.08333
-10 0.08333
0 0.0
-9 0.08333
-10 0.08333
-12 0.08333
-10 0.08333
2 0.0
-10 0.0
-9 0.08333
-10 0.08333
-10 0.0
-12 0.08333
-10 0.08333
3 0.0
-9 0.08333
-10 0.08333
-12 0.08333
-10 0.08333
0 0.0
-9 0.08333
-10 0.08333
-12 0.08333
-10 0.08333
-2 0.0
-9 0.08333
-10 0.08333
-12 0.08333
-10 0.08333
-3 0.0
-10 0.0
-9 0.08333
-10 0.08333
-10 0.0
-12 0.08333
-10 0.08333
-9 0.08333
-10 0.08333
-12 0.08333
-10 0.08333
-9 0.08333
-10 0.08333
-12 0.08333
-10 0.08333
-9 0.08333
-10 0.08333
-12 0.08333
-10 0.08333
-10 0.0
-9 0.08333
-8 0.08333
-10 0.0
-7 0.08333
-6 0.08333
-5 0.08333
-6 0.08333
-7 0.08333
-8 0.08333
-9 0.08333
-10 0.08333
-11 0.08333
-12 0.08333
-13 0.08333
-14 0.08333
-15 0.08333
-14 0.08333
-22 0.0
-13 0.08333
-12 0.08333
-22 0.0
-11 0.08333
-10 0.08333

2 0.0
-9 0.08333
-10 0.08333
-12 0.08333
-10 0.08333
3 0.0
-9 0.08333
-10 0.08333
-12 0.08333
-10 0.08333
0 0.0
-9 0.08333
-10 0.08333
-12 0.08333
-10 0.08333
2 0.0
-10 0.0
-9 0.08333
-10 0.08333
-10 0.0
-12 0.08333
-10 0.08333
3 0.0
-9 0.08333
-10 0.08333
-12 0.08333
-10 0.08333
0 0.0
-9 0.08333
-10 0.08333
-12 0.08333
-10 0.08333
3 0.0
-9 0.08333
-10 0.08333
-12 0.08333
-10 0.08333
2 0.0
-10 0.0
-9 0.08333
-10 0.08333
-10 0.0
-12 0.08333
-10 0.08333
-9 0.08333
-10 0.08333
-12 0.08333
-10 0.08333
-9 0.08333
-10 0.08333
-12 0.08333
-10 0.08333
-9 0.08333
-10 0.08333
-12 0.08333
-10 0.08333
9 0.0
-9 0.08333
-10 0.08333
-12 0.08333
-10 0.08333
-9 0.08333
-10 0.08333
-12 0.08333
-10 0.08333
-9 0.08333
-10 0.08333
-12 0.08333
-10 0.08333
-9 0.08333
-10 0.08333
-12 0.08333
-10 0.08333

-12 0.0
-24 0.16666
-12 0.0
-24 0.16666
0 0.0
-8 1.0
-12 0.0
-24 0.16666
-12 0.0
-24 0.16666
0 0.0
4 0.0
-5 1.0
6 0.0
-6 0.33333
-8 0.33333
-6 0.33333
-5 0.16666
-3 0.16666
-10 0.16666
-10 0.16666
-8 0.16666
-3 0.16666
2 0.16666
-3 0.16666
-6 0.16666
-3 0.16666
-12 0.0
-24 0.16666
-12 0.0
-24 0.16666
0 0.0
4 0.0
-5 1.0
12 0.0
0 0.0
-8 0.0
-8 0.083333
-10 0.08333
-8 0.08333
-6 0.08333
-5 0.08333
-6 0.08333
-3 0.08333
7 0.0
-5 0.0
-5 0.0
0 0.08333
-1 0.08333
-3 0.08333
-5 0.08333
-3 0.08333
-5 0.08333
-6 0.08333
-8 0.08333
2 0.0
-10 0.0
-6 0.0
-10 0.16666
-3 0.16666
-5 0.0
-10 0.16666
-3 0.16666
-8 0.0
-10 0.16666
-6 0.0
-3 0.16666
-10 0.16666
-3 0.16666
-3 0.0
-10 0.16666
-3 0.16666
-5 0.0
-10 0.16666
-6 0.0
-3 0.16666
-8 0.0
-10 0.16666
-5 0.0
-8 0.5
-6 0.0
-10 0.1666
-3 0.16666
-5 0.0
-10 0.16666
-3 0.16666
-8 0.0
-10 0.16666
-6 0.0
-3 0.16666
-10 0.16666
-3 0.16666
-3 0.0
-10 0.16666
-3 0.16666
0 0.0
-10 0.16666
-1 0.0
-3 0.16666
-10 0.16666
-2 0.0
-5 0.16666

2 0.08333
6 0.08333
9 0.08333
1 0.08333
2 0.0
-10 0.0
-6 0.0
-10 0.16666
-3 0.16666
-5 0.0
-10 0.16666
-3 0.16666
-8 0.0
-10 0.16666
-6 0.0
-3 0.16666
-10 0.16666
-3 0.16666
9 0.0
-3 0.0
-5 0.0
-10 0.16666
-3 0.16666
-6 0.0
-10 0.16666
-8 0.0
-3 0.16666
-10 0.16666
-9 0.0
-10 0.5
12 0.0
0 0.0
-6 0.0
-10 0.16666
-3 0.16666
-5 0.0
-10 0.16666
-3 0.16666
-8 0.0
-10 0.16666
-6 0.0
-3 0.16666
-10 0.16666
-3 0.16666
4 0.0
-8 0.0
-3 0.0
-10 0.16666
-3 0.16666
0 0.0
-10 0.16666
-1 0.0
-3 0.16666
-10 0.16666
12 0.0
0 0.0
-2 0.0
-5 0.5

6 0.0
-6 0.0
-15 0.08333
-12 0.08333
-3 0.0
-3 0.08333
-5 0.08333
4 0.0
-8 0.0
-8 0.08333
-3 0.08333
-3 0.0
-5 0.08333
-8 0.08333
6 0.0
-6 0.0
-3 0.08333
-5 0.08333
-3 0.0
-8 0.08333
-3 0.08333
7 0.0
-5 0.0
-5 0.08333
-8 0.08333
9 0.0
-3 0.0
-3 0.0
-3 0.08333
-5 0.08333
-8 0.08333
-3 0.08333
7 0.0
-5 0.0
-3 0.0
-5 0.08333
-8 0.08333
-3 0.08333
-5 0.08333
6 0.0
-6 0.0
-3 0.0
-8 0.08333
-3 0.08333
4 0.0
-8 0.0
-5 0.08333
-8 0.08333
2 0.0
-10 0.0
-3 0.0
-3 0.08333
-5 0.08333
4 0.0
-8 0.0
-8 0.08333
-3 0.08333
6 0.0
-6 0.0
-3 0.0
-5 0.08333
-8 0.08333

0 0.0
-12 0.0
-17 0.08333
-12 0.08333
-5 0.0
-8 0.08333
-10 0.08333
-12 0.08333
-8 0.08333
-5 0.0
-10 0.08333
-12 0.08333
4 0.0
-8 0.0
-8 0.08333
-10 0.08333
-5 0.0
-12 0.08333
-8 0.08333
-10 0.08333
-12 0.08333
-5 0.0
-8 0.08333
-10 0.08333
7 0.0
-5 0.0
-12 0.08333
-8 0.08333
-5 0.0
-10 0.08333
-12 0.08333
-8 0.08333
-10 0.08333
-5 0.0
-12 0.08333
-8 0.08333
4 0.0
-8 0.0
-10 0.08333
-12 0.08333
-5 0.0
-8 0.08333
-10 0.08333
-12 0.08333
-8 0.08333
-5 0.0
-10 0.08333
-12 0.08333

6 0.0
-6 0.0
-15 0.08333
-12 0.08333
-3 0.0
-3 0.08333
-5 0.08333
4 0.0
-8 0.0
-8 0.08333
-3 0.08333
-3 0.0
-5 0.08333
-8 0.08333
6 0.0
-12 0.0
-3 0.08333
-5 0.08333
-3 0.0
-8 0.08333
-3 0.08333
7 0.0
-5 0.0
-5 0.08333
-8 0.08333
9 0.0
-3 0.0
-3 0.0
-3 0.08333
-5 0.08333
-8 0.08333
-3 0.08333
7 0.0
-5 0.0
-3 0.0
-5 0.08333
-8 0.08333
-3 0.08333
-5 0.08333
6 0.0
-6 0.0
-3 0.0
-8 0.08333
-3 0.08333
4 0.0
-8 0.0
-5 0.08333
-8 0.08333
2 0.0
-10 0.0
-3 0.0
-3 0.08333
-5 0.08333
4 0.0
-8 0.0
-8 0.08333
-3 0.08333
6 0.0
-6 0.0
-3 0.0
-5 0.08333
-8 0.08333

4 0.0
-8 0.0
-17 0.08333
-12 0.08333
-5 0.0
-8 0.08333
-10 0.08333
-12 0.08333
-8 0.08333
-5 0.0
-10 0.08333
-12 0.08333
2 0.0
-10 0.0
-8 0.08333
-10 0.08333
-5 0.0
-12 0.08333
-8 0.08333
-10 0.08333
-12 0.08333
-5 0.0
-8 0.08333
-10 0.08333
0 0.0
-12 0.0
-12 0.08333
-8 0.08333
-5 0.0
-10 0.08333
-12 0.08333
-8 0.08333
-10 0.08333
-5 0.0
-12 0.08333
-8 0.08333
7 0.0
-5 0.0
-10 0.08333
-12 0.08333
-5 0.0
-8 0.08333
-10 0.08333
7 0.0
-5 0.0
-12 0.08333
-8 0.08333
4 0.0
-5 0.0
-10 0.08333
-12 0.08333

-10 0.0
-22 0.16666
-10 0.0
-22 0.16666
-7 0.0
-19 0.0
-7 0.08333
-8 0.08333
-10 0.08333
-7 0.08333
-10 0.0
-22 0.16666
-10 0.0
-22 0.16666
-5 0.0
-17 0.0
-5 0.08333
-7 0.08333
-10 0.08333
-5 0.08333
-10 0.0
-22 0.16666
-10 0.0
-22 0.16666
-7 0.0
-19 0.0
-3 0.08333
-5 0.08333
-8 0.08333
-3 0.08333
-10 0.0
-22 0.16666
-8 0.0
-20 0.0
-5 0.08333
-8 0.08333
-10 0.0
-22 0.0
-5 0.16666
-10 0.0
-22 0.0
-4 0.16666

-7 0.0
-19 0.0
-7 0.08333
-8 0.08333
-10 0.08333
-7 0.08333
-10 0.0
-22 0.16666
-10 0.0
-22 0.16666
-5 0.0
-17 0.0
-5 0.08333
-7 0.08333
-10 0.08333
-5 0.08333
-10 0.0
-22 0.16666
-10 0.0
-22 0.16666
-7 0.0
-19 0.0
-3 0.08333
-5 0.08333
-8 0.08333
-3 0.08333
-10 0.0
-22 0.0
-5 0.16666
-10 0.0
-22 0.0
-8 0.16666
-8 0.0
-20 0.0
-7 0.16666
-10 0.0
-22 0.00
-8 0.16666
-12 0.0
-24 0.0
-3 0.16666
-8 0.0
-20 0.0
-5 0.16666

-10 0.0
-22 0.16666
-10 0.0
-22 0.16666
2 0.0
-9 0.08333
-10 0.08333
-12 0.08333
-10 0.08333
3 0.0
-9 0.08333
-10 0.08333
-12 0.08333
-10 0.08333
0 0.0
-9 0.08333
-10 0.08333
-12 0.08333
-10 0.08333
2 0.0
-10 0.0
-9 0.08333
-10 0.08333
-10 0.0
-12 0.08333
-10 0.08333
3 0.0
-9 0.08333
-10 0.08333
-12 0.08333
-10 0.08333
0 0.0
-9 0.08333
-10 0.08333
-12 0.08333
-10 0.08333
-2 0.0
-9 0.08333
-10 0.08333
-12 0.08333
-10 0.08333
-3 0.0
-10 0.0
-9 0.08333
-10 0.08333
-10 0.0
-12 0.08333
-10 0.08333
-9 0.08333
-10 0.08333
-12 0.08333
-10 0.08333
-9 0.08333
-10 0.08333
-12 0.08333
-10 0.08333
-9 0.08333
-10 0.08333
-12 0.08333
-10 0.08333
-10 0.0
-9 0.08333
-8 0.08333
-10 0.0
-7 0.08333
-6 0.08333
-5 0.08333
-6 0.08333
-7 0.08333
-8 0.08333
-9 0.08333
-10 0.08333
-11 0.08333
-12 0.08333
-13 0.08333
-14 0.08333
-15 0.08333
-14 0.08333
-22 0.0
-13 0.08333
-12 0.08333
-22 0.0
-11 0.08333
-10 0.08333

2 0.0
-9 0.08333
-10 0.08333
-12 0.08333
-10 0.08333
3 0.0
-9 0.08333
-10 0.08333
-12 0.08333
-10 0.08333
0 0.0
-9 0.08333
-10 0.08333
-12 0.08333
-10 0.08333
2 0.0
-10 0.0
-9 0.08333
-10 0.08333
-10 0.0
-12 0.08333
-10 0.08333
3 0.0
-9 0.08333
-10 0.08333
-12 0.08333
-10 0.08333
0 0.0
-9 0.08333
-10 0.08333
-12 0.08333
-10 0.08333
3 0.0
-9 0.08333
-10 0.08333
-12 0.08333
-10 0.08333
2 0.0
-10 0.0
-9 0.08333
-10 0.08333
-10 0.0
-12 0.08333
-10 0.08333
-9 0.08333
-10 0.08333
-12 0.08333
-10 0.08333
-9 0.08333
-10 0.08333
-12 0.08333
-10 0.08333
-9 0.08333
-10 0.08333
-12 0.08333
-10 0.08333
9 0.0
-9 0.08333
-10 0.08333
-12 0.08333
-10 0.08333
-9 0.08333
-10 0.08333
-12 0.08333
-10 0.08333
-9 0.08333
-10 0.08333
-12 0.08333
-10 0.08333
-9 0.08333
-10 0.08333
-12 0.08333
-10 0.08333

-12 0.0
-24 0.16666
-12 0.0
-24 0.16666
0 0.0
-8 1.0
-12 0.0
-24 0.16666
-12 0.0
-24 0.16666
0 0.0
4 0.0
-5 1.0
6 0.0
-6 0.33333
-8 0.33333
-6 0.33333
-5 0.16666
-3 0.16666
-10 0.16666
-10 0.16666
-8 0.16666
-3 0.16666
2 0.16666
-3 0.16666
-6 0.16666
-3 0.16666
-12 0.0
-24 0.16666
-12 0.0
-24 0.16666
0 0.0
4 0.0
-5 1.0
12 0.0
0 0.0
-8 0.0
-8 0.083333
-10 0.08333
-8 0.08333
-6 0.08333
-5 0.08333
-6 0.08333
-3 0.08333
7 0.0
-5 0.0
-5 0.0
0 0.08333
-1 0.08333
-3 0.08333
-5 0.08333
-3 0.08333
-5 0.08333
-6 0.08333
-8 0.08333
2 0.0
-10 0.0
-6 0.0
-10 0.16666
-3 0.16666
-5 0.0
-10 0.16666
-3 0.16666
-8 0.0
-10 0.16666
-6 0.0
-3 0.16666
-10 0.16666
-3 0.16666
-3 0.0
-10 0.16666
-3 0.16666
-5 0.0
-10 0.16666
-6 0.0
-3 0.16666
-8 0.0
-10 0.16666
-5 0.0
-8 0.5
-6 0.0
-10 0.1666
-3 0.16666
-5 0.0
-10 0.16666
-3 0.16666
-8 0.0
-10 0.16666
-6 0.0
-3 0.16666
-10 0.16666
-3 0.16666
-3 0.0
-10 0.16666
-3 0.16666
0 0.0
-10 0.16666
-1 0.0
-3 0.16666
-10 0.16666
-2 0.0
-5 0.16666

2 0.08333
6 0.08333
9 0.08333
1 0.08333
2 0.0
-10 0.0
-6 0.0
-10 0.16666
-3 0.16666
-5 0.0
-10 0.16666
-3 0.16666
-8 0.0
-10 0.16666
-6 0.0
-3 0.16666
-10 0.16666
-3 0.16666
9 0.0
-3 0.0
-5 0.0
-10 0.16666
-3 0.16666
-6 0.0
-10 0.16666
-8 0.0
-3 0.16666
-10 0.16666
-9 0.0
-10 0.5
12 0.0
0 0.0
-6 0.0
-10 0.16666
-3 0.16666
-5 0.0
-10 0.16666
-3 0.16666
-8 0.0
-10 0.16666
-6 0.0
-3 0.16666
-10 0.16666
-3 0.16666
4 0.0
-8 0.0
-3 0.0
-10 0.16666
-3 0.16666
0 0.0
-10 0.16666
-1 0.0
-3 0.16666
-10 0.16666
12 0.0
0 0.0
-2 0.0
-5 0.5

-6 0.0
6 0.0
-15 0.08333
-12 0.08333
-8 0.08333
-12 0.08333
-8 0.0
4 0.0
-8 0.08333
-5 0.08333
-6 0.08333
-8 0.08333
-6 0.0
6 0.0
-6 0.08333
-8 0.08333
-10 0.08333
-12 0.08333
-5 0.0
7 0.0
-10 0.08333
-12 0.08333
-3 0.0
9 0.0
-13 0.08333
-15 0.08333
-22 0.08333
-15 0.08333
-10 0.0
2 0.0
-12 0.08333
-5 0.08333
-6 0.0
6 0.0
-6 0.08333
-10 0.08333
9 0.0
-3 0.0
-3 0.08333
0 0.08333
2 0.0
-10 0.33333
-10 0.0
-22 0.3333