-12 0.001
-12 0.001
-7 0.001

-12 0.001
-12 0.001
-6 0.001

-12 0.001
-12 0.001
-7 0.001

-12 0.001
-12 0.001
-11 0.001

-12 0.001
-12 0.001
-7 0.001

-12 0.001
-12 0.001
-2 0.001

0 0.001



-12 0.001



-4 0.001



-19 0.001



-12 0.001
-12 0.001
-7 0.001

-12 0.001
-12 0.001
-6 0.001

-12 0.001
-12 0.001
-4 0.001

-12 0.001
-12 0.001
-2 0.001

-3 0.001







-19 0.001











-14 0.1
-10 0.1
-7 0.1
-3 0.1
-14 0.001



-14 0.001





-14 0.001
-14 0.001
-14 0.001



-14 0.001



-14 0.001



-16 0.001
-4 0.146
-4 0.146

-16 0.001
-4 0.146
-15 0.001

-14 0.001



-19 0.22

-14 0.001

5 0.22

-19 0.22

-14 0.44



-16 0.001



-21 0.22

-16 0.001

8 0.22

-21 0.22

-16 0.22

7 0.11
6 0.11
-14 0.001



-19 0.22

-14 0.22

-4 0.22

-19 0.22

-14 0.22

-5 0.11
-6 0.11
-14 0.001



-19 0.22

-14 0.22

-9 0.22

-19 0.11
-10 0.11
-14 0.22

-9 0.22

-14 0.001



-19 0.22

-14 0.001

5 0.22

-19 0.22

-14 0.44



-16 0.001



-21 0.22

-16 0.22

-5 0.001

-21 0.11
-7 0.001
-16 0.22

-5 0.001

-14 0.001



-19 0.22

-14 0.22

-4 0.22

-19 0.11
-5 0.11
-14 0.22

-9 0.22

-14 0.001



-19 0.22

-14 0.44



-19 0.001

-14 0.001

-7 0.22

-14 0.001



-19 0.22

-14 0.001

5 0.22

-19 0.22

-14 0.44



-16 0.001



-21 0.22

-16 0.001

8 0.22

-21 0.22

-16 0.22

7 0.11
6 0.11
-14 0.001



-19 0.22

-14 0.22

-4 0.22

-19 0.22

-14 0.22

-5 0.11
-6 0.11
-14 0.001



-19 0.22

-14 0.22

-9 0.22

-19 0.11
-10 0.11
-14 0.22

-9 0.22

-14 0.001



-19 0.22

-14 0.001

5 0.22

-19 0.22

-14 0.44



-16 0.001



-21 0.22

-16 0.22

-4 0.22

-21 0.11
-5 0.11
-16 0.22

-4 0.22

-14 0.001



-19 0.22

-14 0.001

-7 0.001

-19 0.22

-14 0.44



-14 0.44



-19 0.22

-12 0.22

-4 0.001

-16 0.22

-12 0.22

-9 0.22

-11 0.001



-16 0.22

-11 0.001
-4 0.11
-4 0.22

-16 0.22

-11 0.001

-16 0.22

-11 0.001



-16 0.22

-11 0.22

1 0.22

-16 0.22

-11 0.001

-16 0.22

-9 0.001



-14 0.22

-9 0.001
-2 0.11
-2 0.22

-14 0.22

-9 0.001

-14 0.22

-9 0.001



-14 0.22

-9 0.22

3 0.22

-14 0.22

-9 0.001

-14 0.22

-19 0.001

-19 0.11
-19 0.001
-19 0.22

-19 0.11
-19 0.001
-19 0.22

-19 0.11
-19 0.001
-19 0.22

-19 0.11
-19 0.001
-19 0.22

-19 0.11
-19 0.001
-19 0.22

-19 0.11
-19 0.001
-9 0.001


-9 0.001


-8 0.001

-19 0.001

-19 0.11
-19 0.001
-19 0.22

-19 0.11
-19 0.001
-19 0.22

-19 0.11
-19 0.001
-19 0.22

-19 0.11
-19 0.001
-19 0.001

-19 0.11
-19 0.001
-19 0.22

-19 0.11
-19 0.001
-9 0.001


-9 0.001


-10 0.001

-14 0.001



-19 0.22

-14 0.001

5 0.22

-19 0.22

-14 0.44



-16 0.001



-21 0.22

-16 0.001

8 0.22

-21 0.22

-16 0.22

7 0.11
6 0.11
-14 0.001



-19 0.22

-14 0.22

-4 0.22

-19 0.22

-14 0.22

-5 0.11
-6 0.11
-14 0.001



-19 0.22

-14 0.22

-9 0.22

-19 0.11
-10 0.11
-14 0.22

-9 0.22

-14 0.001



-19 0.22

-14 0.001

5 0.22

-19 0.22

-14 0.44



-16 0.001



-21 0.22

-16 0.22

-5 0.001

-21 0.11
-7 0.001
-16 0.22

-5 0.001

-14 0.001



-19 0.22

-14 0.22

-4 0.22

-19 0.11
-5 0.11
-14 0.22

-9 0.22

-14 0.001



-19 0.22

-14 0.44



-19 0.001

-14 0.001

-7 0.22

-14 0.001



-19 0.22

-14 0.001

5 0.22

-19 0.22

-14 0.44



-16 0.001



-21 0.22

-16 0.001

8 0.22

-21 0.22

-16 0.22

7 0.11
6 0.11
-14 0.001



-19 0.22

-14 0.22

-4 0.22

-19 0.22

-14 0.22

-5 0.11
-6 0.11
-14 0.001



-19 0.22

-14 0.22

-9 0.22

-19 0.11
-10 0.11
-14 0.22

-9 0.22

-14 0.001



-19 0.22

-14 0.001

5 0.22

-19 0.22

-14 0.44



-16 0.001



-21 0.22

-16 0.22

-4 0.22

-21 0.11
-5 0.11
-16 0.22

-4 0.22

-14 0.001



-19 0.22

-14 0.001

-7 0.001

-19 0.22

-14 0.44



-14 0.44



-19 0.22

-12 0.22

-4 0.001

-16 0.22

-12 0.22

-9 0.22

-11 0.001



-16 0.22

-11 0.001
-4 0.11
-4 0.22

-16 0.22

-11 0.001

-16 0.22

-11 0.001



-16 0.22

-11 0.22

1 0.22

-16 0.22

-11 0.001

-16 0.22

-9 0.001



-14 0.22

-9 0.001
-2 0.11
-2 0.22

-14 0.22

-9 0.001

-14 0.22

-9 0.001



-14 0.22

-9 0.22

3 0.22

-14 0.22

-9 0.001

-14 0.22

-19 0.001

-19 0.11
-19 0.001
-19 0.22

-19 0.11
-19 0.001
-19 0.22

-19 0.11
-19 0.001
-19 0.22

-19 0.11
-19 0.001
-19 0.22

-19 0.11
-19 0.001
-19 0.22

-19 0.11
-19 0.001
-9 0.001


-9 0.001


-8 0.001

-19 0.001

-19 0.11
-19 0.001
-19 0.22

-19 0.11
-19 0.001
-19 0.22

-19 0.11
-19 0.001
-19 0.22

-19 0.11
-19 0.001
-19 0.001

-19 0.11
-19 0.001
-19 0.22

-19 0.11
-19 0.001
-9 0.001


-9 0.001


-10 0.001

-14 0.001


