
-1 0.25
-2 0.25
-4 0.25
-4 0.35
-2 0.4

-62 2.25

-11 0.25
-1 0.25
-2 0.25
-4 0.25
-4 0.5
-2 0.5
-112 0.2
-6 0.5
-4 0.25
-11 0.5

-62 1.25

-11 0.25
-4 0.5
-2 0.25
-1 0.75
-4 0.25
-7 0.5
-6 0.75
-4 0.5
-11 0.25
-11 0.5
-2 0.5

-62 2.0

-1 0.25
-2 0.25
-4 0.25
-4 0.25
-2 0.5

-62 2.25

-11 0.25
-1 0.25
-2 0.25
-4 0.25
-4 0.5
-62 0.25
-2 0.25
-6 0.5
-62 0.25
-4 0.25
-11 0.5

-62 1.5

-4 0.5
-2 0.25
-1 0.75
-4 0.25
-7 0.5
-6 0.25
-4 0.25
-62 0.25
-11 0.25
-6 0.25
-4 0.25
-3 0.25
-4 0.25
-6 0.25
-8 0.25

-62 0.45

-11 0.25
-10 0.25
-8 0.5
-3 0.5
-4 0.25
-6 0.25
-6 0.25
-8 0.25
-6 0.25
-8 0.25
-8 0.5
-8 0.5

-11 0.25
-10 0.25
-8 0.5
-3 0.5
-1 0.25
-3 0.25
-4 0.25
-6 0.25
-6 0.25
-4 0.25
-3 0.5
-3 0.5

-1 0.25
1 0.25
2 0.25
2 0.25
1 0.5
-1 0.5
-3 0.25
-1 0.25
1 0.25
1 0.25
-1 0.5
-3 0.5
-6 0.25
-8 0.25
-6 0.25
-3 0.25
-3 0.25
-4 0.5
-4 0.25
-2 0.25
-2 0.75

