0 0.5
-1 0.5
0 0.5
-1 0.5
0 0.5
-5 0.5
0 0.5
-7 3
-12 0.25
-8 0.25
0 0.5
-1 0.5
0 0.5
-1 0.5
0 0.5
-5 0.5
0 0.5
-7 3
-12 0.25
-8 0.25

0 0.5
-1 0.25
0 0.5
-12 0.25
-1 0.25
0 0.5
-12 0.25
-5 0.25
0 0.5
-12 0.25
-7 0.25
-12 0.25
-10 0.1
-8 0.4
-7 0.5
-5 0.5
-8 0.5
-10 1.5
-12 0.25
-13 0.25

-12 1.25
-17 0.25
-12 0.25
-10 0.25
-8 1.5
-8 0.25
-7 0.25
-5 1.5
-7 0.25
-8 0.25
-10 1.5
-12 0.25
-8 0.25

0 0.5
-1 0.25
0 0.5
-12 0.25
-1 0.25
0 0.5
-12 0.25
-5 0.25
0 0.5
-12 0.25
-7 0.25
-12 0.25
-10 0.1
-8 0.4
-7 0.5
-5 0.5
4 0.5
2 0.75
2 0.1
4 0.4
2 0.25
0 0.25
-1 0.25
0 1.5
-12 0.25
-10 0.25
-8 0.5
-17 0.5
-12 0.5
-8 0.25
-7 0.25
-5 0.5
-17 0.5
-8 0.5
-7 0.25
-8 0.25
-10 1

0 0.25
2 0.25
0 0.25
-1 0.25
0 0.25
-12 0.25
-5 0.25
-12 0.25
0 0.25
2 0.25
0 0.25
-1 0.25
0 0.25
-12 0.25
-5 0.25
-12 0.25
0 0.25
2 0.25
0 0.25
-1 0.25
0 0.25
2 0.25
4 0.25
5 0.25
7 0.25
4 0.25
2 0.25
0 0.25
-1 0.5
-10 0.5
0 0.25
2 0.25
0 0.25
-1 0.25
0 0.25
-12 0.25
-5 0.25
-12 0.25
0 0.25
2 0.25
0 0.25
-1 0.25
0 0.25
-12 0.25
-5 0.25
-12 0.25
0 0.25
2 0.25
0 0.25
-1 0.25
0 0.25
2 0.25
4 0.25
5 0.25
7 0.25
4 0.25
2 0.25
0 0.25
-1 0.5
-10 0.5

0 0.25
0 0.125
2 0.125
0 0.25
-1 0.25
0 0.25
-12 0.25
-5 0.25
-12 0.25
0 0.25
0 0.125
2 0.125
0 0.25
-1 0.25
0 0.25
-12 0.25
-5 0.25
-12 0.25
0 0.25
0 0.125
2 0.125
0 0.25
-1 0.25
0 0.25
2 0.25
4 0.25
5 0.25
7 0.25
4 0.25
2 0.25
0 0.25
-1 0.5
-10 0.5
0 0.25
0 0.125
2 0.125
0 0.25
-1 0.25
0 0.25
-12 0.25
-5 0.25
-12 0.25
0 0.25
0 0.125
2 0.125
0 0.25
-1 0.25
0 0.25
-12 0.25
-5 0.25
-12 0.25
0 0.25
0 0.125
2 0.125
0 0.25
-1 0.25
0 0.25
2 0.25
4 0.25
5 0.25
7 0.25
4 0.25
2 0.25
0 0.25
-1 0.5
-10 0.5
-15 0.5
-17 4.5
-12 0.25
-8 0.25

0 0.5
-1 0.25
0 0.5
-12 0.25
-1 0.25
0 0.5
-12 0.25
-5 0.25
0 0.5
-12 0.25
-7 0.25
-12 0.25
-10 0.1
-8 0.4
-7 0.5
-5 0.5
-8 0.5
-10 1.5
-12 0.25
-13 0.25
-12 1.25
-17 0.25
-12 0.25
-10 0.25
-8 0.25
-17 0.25
-12 0.25
-10 0.25
-8 0.25
-17 0.25
-8 0.25
-7 0.25
-5 0.25
-17 0.25
-8 0.25
-7 0.25
-5 0.25
-17 0.25
-7 0.25
-8 0.25
-10 0.25
-17 0.25
-7 0.25
-8 0.25
-10 0.5
-13 0.5

-8 0.1
0 0.4
-1 0.25
0 0.5
-12 0.25
-1 0.25
0 0.5
-12 0.25
-5 0.25
0 0.5
-12 0.25
-7 0.25
-12 0.25
-10 0.1
-8 0.4
-7 0.5
-5 0.5
4 0.5
2 0.75
2 0.1
4 0.4
2 0.25
0 0.25
-1 0.25
0 1.5
-12 0.25
-10 0.25
-8 0.25
-17 0.25
-12 0.25
-10 0.25
-8 0.25
-17 0.25
-8 0.25
-7 0.25
-5 0.25
-17 0.25
-8 0.25
-7 0.25
-5 0.25
-17 0.25
-7 0.25
-8 0.25
-10 0.25
-17 0.25
-13 0.25
-10 0.25

0 0.5
-1 0.5
0 0.5
-1 0.5
0 0.5
-5 0.5
0 0.5
-7 3