-112 1.0

-17 0.001
-14 0.001
-10 0.36
-17 0.001
-14 0.001
-10 0.36
-17 0.001
-14 0.001
-10 0.24
-17 0.001
-14 0.001
-10 0.36
-17 0.001
-14 0.001
-10 0.36
-14 0.001
-9 0.001
-5 0.24

-14 0.001
-9 0.001
-5 0.36
-14 0.001
-9 0.001
-5 0.36
-14 0.001
-10 0.001
-7 0.24
-14 0.001
-10 0.001
-7 0.36
-14 0.001
-10 0.001
-7 0.36
-19 0.001
-15 0.001
-12 0.24

-17 0.001
-14 0.001
-10 0.36
-17 0.001
-14 0.001
-10 0.36
-17 0.001
-14 0.001
-10 0.24
-17 0.001
-14 0.001
-10 0.36
-17 0.001
-14 0.001
-10 0.36
-12 0.001
-9 0.001
-5 0.24

-17 0.001
-14 0.001
-10 0.36
-17 0.001
-14 0.001
-10 0.36
-17 0.001
-14 0.001
-10 0.24
-17 0.001
-14 0.001
-10 0.36
-17 0.001
-14 0.001
-10 0.36
-12 0.001
-9 0.001
-5 0.24

-17 0.001
-14 0.001
-10 0.36
-17 0.001
-14 0.001
-10 0.36
-17 0.001
-14 0.001
-10 0.24
-17 0.001
-14 0.001
-10 0.36
-17 0.001
-14 0.001
-10 0.36
-14 0.001
-9 0.001
-5 0.24

-14 0.001
-9 0.001
-5 0.36
-14 0.001
-9 0.001
-5 0.36
-14 0.001
-10 0.001
-7 0.24
-14 0.001
-10 0.001
-7 0.36
-14 0.001
-10 0.001
-7 0.36
-19 0.001
-15 0.001
-12 0.24

-17 0.001
-14 0.001
-10 0.36
-17 0.001
-14 0.001
-10 0.36
-17 0.001
-14 0.001
-10 0.24
-17 0.001
-14 0.001
-10 0.36
-17 0.001
-14 0.001
-10 0.36
-12 0.001
-9 0.001
-5 0.24

-17 0.001
-14 0.001
-10 0.36
-17 0.001
-14 0.001
-10 0.36
-17 0.001
-14 0.001
-10 0.24
-17 0.001
-14 0.001
-10 0.36
-17 0.001
-14 0.001
-10 0.36
-12 0.001
-9 0.001
-5 0.24

-17 0.001
-14 0.001
-10 0.12
-10 0.12
-10 0.12
-17 0.001
-14 0.001
-10 0.12
-10 0.12
-112 0.12
-17 0.001
-14 0.001
-10 0.24
-17 0.001
-14 0.001
-10 0.36
-17 0.001
-14 0.001
-10 0.36
-14 0.001
-9 0.001
-5 0.24

-14 0.001
-9 0.001
-5 0.36
-14 0.001
-9 0.001
-5 0.36
-14 0.001
-10 0.001
-7 0.24
-14 0.001
-10 0.001
-7 0.36
-14 0.001
-10 0.001
-7 0.12
-7 0.24
-19 0.001
-15 0.001
-12 0.24

-17 0.001
-14 0.001
-10 0.12
-10 0.12
-10 0.12
-17 0.001
-14 0.001
-10 0.12
-10 0.12
-112 0.12
-17 0.001
-14 0.001
-10 0.24
-17 0.001
-14 0.001
-10 0.36
-17 0.001
-14 0.001
-10 0.36
-12 0.001
-9 0.001
-5 0.24

-17 0.001
-14 0.001
-10 0.36
-17 0.001
-14 0.001
-10 0.36
-17 0.001
-14 0.001
-10 0.24
-17 0.001
-14 0.001
-10 0.36
-17 0.001
-14 0.001
-10 0.36
-12 0.001
-9 0.001
-5 0.24

-17 0.001
-14 0.001
-10 0.12
-10 0.12
-10 0.12
-17 0.001
-14 0.001
-10 0.12
-10 0.24
-17 0.001
-14 0.001
-10 0.24
-10 0.12
-10 0.12
-10 0.12
-17 0.001
-14 0.001
-10 0.12
-10 0.24
-17 0.001
-14 0.001
-10 0.24

-17 0.001
-14 0.001
-10 0.12
-10 0.12
-10 0.12
-17 0.001
-14 0.001
-10 0.12
-10 0.24
-17 0.001
-14 0.001
-10 0.24
-17 0.001
-14 0.001
-10 0.12
-10 0.12
-10 0.12
-17 0.001
-14 0.001
-10 0.12
-10 0.24
-17 0.001
-14 0.001
-10 0.24

-17 0.001
-14 0.001
-10 0.12
-10 0.12
-10 0.12
-17 0.001
-14 0.001
-10 0.12
-10 0.12
-10 0.12
-17 0.001
-14 0.001
-10 0.12
-10 0.12
-17 0.001
-14 0.001
-10 0.12
-10 0.12
-10 0.12
-17 0.001
-14 0.001
-10 0.12
-10 0.12
-10 0.12
-17 0.001
-14 0.001
-10 0.12
-10 0.12

-17 0.001
-14 0.001
-10 0.12
-10 0.12
-10 0.12
-10 0.12
-21 0.001
-17 0.001
-14 0.001
-10 0.12
-10 0.12
-10 0.12
-10 0.12
-21 0.001
-17 0.001
-10 0.12
-10 0.11
-10 0.1
-10 0.09
-21 0.001
-17 0.001
-10 0.08
-10 0.07
-10 0.06
-10 0.05
-10 0.05
-10 0.05
-10 0.05
-10 0.05
-10 0.05
-10 0.03

-17 0.001
-10 0.12
-10 0.12
-14 0.001
-10 0.12
-10 0.12
-12 0.001
-10 0.24
-14 0.001
-10 0.12
-10 0.12
-17 0.001
-10 0.12
-10 0.12
-14 0.001
-10 0.12
-10 0.12
-12 0.001
-10 0.24
-9 0.001
-5 0.12
-5 0.12

-17 0.001
-5 0.12
-5 0.12
-14 0.001
-5 0.12
-5 0.12
-9 0.001
-5 0.24
-12 0.001
-7 0.12
-7 0.12
-19 0.001
-7 0.12
-7 0.12
-14 0.001
-7 0.12
-7 0.12
-12 0.001
-7 0.24
-15 0.001
-12 0.12
-12 0.12

-17 0.001
-10 0.12
-10 0.12
-14 0.001
-10 0.12
-10 0.12
-12 0.001
-10 0.24
-14 0.001
-10 0.12
-10 0.12
-17 0.001
-10 0.12
-10 0.12
-14 0.001
-10 0.12
-10 0.12
-12 0.001
-10 0.24
-9 0.001
-5 0.12
-5 0.12

-17 0.001
-10 0.12
-10 0.12
-14 0.001
-10 0.12
-10 0.12
-12 0.001
-10 0.24
-14 0.001
-10 0.12
-10 0.12
-17 0.001
-10 0.12
-10 0.12
-14 0.001
-10 0.12
-10 0.12
-12 0.001
-10 0.24
-9 0.001
-5 0.12
-5 0.12

-17 0.001
-10 0.12
-10 0.12
-14 0.001
-10 0.12
-10 0.12
-12 0.001
-10 0.24
-14 0.001
-10 0.12
-10 0.12
-17 0.001
-10 0.12
-10 0.12
-14 0.001
-10 0.12
-10 0.12
-12 0.001
-10 0.24
-9 0.001
-5 0.12
-5 0.12

-17 0.001
-5 0.12
-5 0.12
-14 0.001
-5 0.12
-5 0.12
-9 0.001
-5 0.24
-12 0.001
-7 0.12
-7 0.12
-19 0.001
-7 0.12
-7 0.12
-14 0.001
-7 0.12
-7 0.12
-12 0.001
-7 0.24
-15 0.001
-12 0.12
-12 0.12

-17 0.001
-10 0.12
-10 0.12
-14 0.001
-10 0.12
-10 0.12
-12 0.001
-10 0.24
-14 0.001
-10 0.12
-10 0.12
-17 0.001
-10 0.12
-10 0.12
-14 0.001
-10 0.12
-10 0.12
-12 0.001
-10 0.24
-9 0.001
-5 0.12
-5 0.12

-17 0.001
-10 0.12
-10 0.12
-14 0.001
-10 0.12
-10 0.12
-12 0.001
-10 0.24
-14 0.001
-10 0.12
-10 0.12
-17 0.001
-10 0.12
-10 0.12
-14 0.001
-10 0.12
-10 0.12
-12 0.001
-10 0.24
-9 0.001
-5 0.12
-5 0.12

-17 0.001
-10 0.12
-10 0.12
-14 0.001
-10 0.12
-10 0.12
-12 0.001
-10 0.24
-14 0.001
-10 0.12
-10 0.12
-17 0.001
-10 0.12
-10 0.12
-14 0.001
-10 0.12
-10 0.12
-12 0.001
-10 0.24
-9 0.001
-5 0.12
-5 0.12

-17 0.001
-5 0.12
-5 0.12
-14 0.001
-5 0.12
-5 0.12
-9 0.001
-5 0.24
-12 0.001
-7 0.12
-7 0.12
-19 0.001
-7 0.12
-7 0.12
-14 0.001
-7 0.12
-7 0.12
-12 0.001
-7 0.24
-15 0.001
-12 0.12
-12 0.12

-17 0.001
-10 0.12
-10 0.12
-14 0.001
-10 0.12
-10 0.12
-12 0.001
-10 0.24
-14 0.001
-10 0.12
-10 0.12
-17 0.001
-10 0.12
-10 0.12
-14 0.001
-10 0.12
-10 0.12
-12 0.001
-10 0.24
-9 0.001
-5 0.12
-5 0.12

-17 0.001
-10 0.12
-10 0.12
-14 0.001
-10 0.12
-10 0.12
-12 0.001
-10 0.24
-14 0.001
-10 0.12
-10 0.12
-17 0.001
-10 0.12
-10 0.12
-14 0.001
-10 0.12
-10 0.12
-12 0.001
-10 0.24
-9 0.001
-5 0.12
-5 0.12

-17 0.001
-10 0.12
-10 0.12
-14 0.001
-10 0.12
-10 0.12
-12 0.001
-10 0.24
-14 0.001
-10 0.12
-10 0.12
-17 0.001
-10 0.12
-10 0.12
-14 0.001
-10 0.12
-10 0.12
-12 0.001
-10 0.24
-9 0.001
-5 0.12
-5 0.12

-17 0.001
-5 0.12
-5 0.12
-14 0.001
-5 0.12
-5 0.12
-9 0.001
-5 0.24
-12 0.001
-7 0.12
-7 0.12
-19 0.001
-7 0.12
-7 0.12
-14 0.001
-7 0.12
-7 0.12
-12 0.001
-7 0.24
-15 0.001
-12 0.12
-12 0.12
