-2 0.2
-4 0.2
-2 0.2
1 0.3
-2 0.2
5 0.2
3 0.2
1 0.2
-4 0.3

-4 0.2
-7 0.2
1 0.2
-1 0.2

-2 0.2
-7 0.2
-11 0.2
-4 0.2
-11 0.2
-14 0.2
-7 0.2
-2 0.2

5 0.2
1 0.2
-4 0.2
-7 0.2

1 0.2
-4 0.2
-7 0.2


-11 0.4 
-2 0.1 -14 0.1
-4 0.1 -16 0.1
-2 0.1 -14 0.1
1 0.3
-2 0.1 -14 0.1
5 0.1 -7 0.1
3 0.1 -9 0.1
1 0.1 -11 0.1
-4 0.3 

-4 0.2
-7 0.1 -19 0.1
1 0.1 -11 0.1
-1 0.1 -14 0.1

-2 0.2
-7 0.1 -19 0.1
-11 0.1 -23 0.1
-4 0.1  -16 0.1
-11 0.2
-14 0.1 -26 0.1
-7 0.1 -19 0.1
-2 0.2 

5 0.2
1 0.1 -11 0.1
-4 0.1 -16 0.1
-7 0.1 -19 0.1

1 0.2 
-7 0.1 -19 0.1
-11 0.1 -23 0.1
-14 0.1 







