-21 0.30
-14 0.5065
-14 0.35
-15 0.15
-14 0.15
-13 0.508
-14 0.29
-16 0.31
-9 1.285
-16 0.30
-9 0.5065
-9 0.35
-10 0.15
-9 0.15
-7 0.508
-9 0.30
-6 1.285
-2 0.31
-9 0.49
-9 0.30
-7 0.18
-6 0.20
-7 0.40
-9 0.41
-4 0.30
-9 1.295
-9 0.169
-7 0.169
-6 0.385
-6 0.169
-4 0.169
-7 0.385
-7 0.169
-6 0.169
-9 0.385
-9 0.169
-7 0.169
-10 0.41
-13 0.169
-14 0.169
-9 1.755
-2 0.31
-9 0.49
-9 0.30
-7 0.18
-6 0.20
-7 0.40
-9 0.41
-4 0.30
-9 1.25
-9 0.169
-7 0.169
-6 0.385
-6 0.169
-4 0.169
-7 0.385
-7 0.169
-6 0.169
-9 0.385
-9 0.169
-7 0.169
-10 0.41
-13 0.25
-14 0.265
-9 3