-2 0.375
3 0.75
-2 0.5625
0 0.1875
2 0.75
-5 0.375
-5 0.375
0 0.75
-2 0.5625
-4 0.1875
-2 0.75
-9 0.375
-9 0.375
-7 0.75
-7 0.375
-5 0.375
-4 0.75
-4 0.375
-2 0.375
0 0.75
2 0.375
3 0.375
5 1.5
7 0.75
5 0.5625
3 0.1875
5 0.75
2 0.375
-2 0.375
3 0.75
2 0.5625
0 0.1875
2 0.75
-5 0.375
-5 0.375
0 0.75
-2 0.5625
-4 0.1875
-2 0.75
-9 0.5625
-9 0.1875
3 0.75
2 0.5625
0 0.1875
-2 0.375
2 0.375
3 0.375
5 0.375
7 1.5
5 0.375
3 0.375
2 0.375
3 0.375
5 1.125
-2 0.375
-2 0.375
2 0.375
3 0.375
5 0.375
3 1.5
2 0.375
0 0.375
-2 0.375
0 0.375
2 1.125
-5 0.375
-5 0.375
-2 0.375
0 0.375
2 0.375
3 0.75
0 0.5625
2 0.1875
3 0.75
0 0.5625
2 0.1875
3 0.75
0 0.375
3 0.375
8 1.5
8 1.5
7 0.375
5 0.375
3 0.375
5 0.375
7 1.125
3 0.375
3 1.5
5 1.5
3 0.375
2 0.375
0 0.375
2 0.375
3 1.125
0 0.375
0 1.5
3 0.75
2 0.5625
0 0.1875
-2 0.75
-9 0.5625
-9 0.1875
3 0.75
2 0.5625
0 0.1875
-2 1.125
-2 0.375
3 0.75
-2 0.5625
0 0.1875
2 0.75
-5 0.375
-5 0.375
0 0.75
-2 0.5625
-4 0.1875
-2 0.75
-9 0.375
-9 0.375
-7 0.75
-7 0.375
-5 0.375
-4 0.75
-4 0.375
-2 0.375
0 0.75
2 0.375
3 0.375
5 1.5
7 0.75
5 0.5625
3 0.1875
5 0.75
2 0.375
-2 0.375
3 0.75
2 0.5625
0 0.1875
2 0.75
-5 0.375
-5 0.375
0 0.75
-2 0.5625
-4 0.1875
-2 0.75
-9 0.5625
-9 0.1875
3 0.75
2 0.5625
0 0.1875
-2 0.375
2 0.375
3 0.375
5 0.375
7 1.5
5 0.375
3 0.375
2 0.375
3 0.375
5 1.125
-2 0.375
-2 0.375
2 0.375
3 0.375
5 0.375
3 1.5
2 0.375
0 0.375
-2 0.375
0 0.375
2 1.125
-5 0.375
-5 0.375
-2 0.375
0 0.375
2 0.375
3 0.75
0 0.5625
2 0.1875
3 0.75
0 0.5625
2 0.1875
3 0.75
0 0.375
3 0.375
8 1.5
8 1.5
7 0.375
5 0.375
3 0.375
5 0.375
7 1.125
3 0.375
3 1.5
5 1.5
3 0.375
2 0.375
0 0.375
2 0.375
3 1.125
0 0.375
0 1.5
3 0.75
2 0.5625
0 0.1875
-2 0.75
-9 0.5625
-9 0.1875
-2 1.5
0 0.75
2 0.75
3 1.875




