-12 0.4
-9 0.4
-5 0.4
0 0.4
-13 0.005
2 0.4
-5 0.4
2 0.4

-14 0.005
3 0.4
-5 0.4
-9 0.4
3 0.4
-15 0.005
-3 0.4
-7 0.4
-12 0.4
-4 0.4

-16 0.005
-5 0.4
-9 0.4
-12 0.4
-5 0.4
-9 0.4
-12 0.4
-5 0.4
-12 0.4

-22 0.005
-14 0.4
-24 0.005
-12 0.4
-24 0.005
-12 1.4
-24 0.4
-19 0.4
-21 0.4

-12 0.4
-9 0.4
-5 0.4
0 0.4
-13 0.005
2 0.4
-5 0.4
2 0.4

-14 0.005
3 0.4
-5 0.4
-9 0.4
3 0.4
-15 0.005
-3 0.4
-7 0.4
-12 0.4
-4 0.4

-16 0.005
-5 0.4
-9 0.4
-12 0.4
-5 0.4
-9 0.4
-12 0.4
-5 0.4
-12 0.4

-22 0.005
-14 0.4
-24 0.005
-12 0.4
-24 0.005
-12 1.6

-12 0.4
-10 0.4

-24 0.005
-9 0.4
-17 0.4
-10 0.4
-12 0.4
-17 0.005
-10 0.4
-13 0.4
-12 0.4
-10 0.4

-17 0.005
-9 0.4
-14 0.4
-7 0.4
-9 0.4
-15 0.005
-10 0.4
-15 0.4
-12 0.4
-9 0.4
-7 0.4

-16 0.005
-9 0.005
-5 0.8
-7 0.4
-9 0.4
-10 0.4
-12 1.0
-14 0.4

-22 0.005
-19 0.005
-14 0.8
-24 0.005
-21 0.005
-17 0.005
-12 0.8

-112 0.8

-12 0.4
-10 0.4

-24 0.005
-9 0.4
-17 0.4
-10 0.4
-12 0.4
-17 0.005
-10 0.4
-13 0.4
-12 0.4
-10 0.4

-17 0.005
-9 0.4
-14 0.4
-7 0.4
-9 0.4
-15 0.005
-10 0.4
-15 0.4
-12 0.4
-9 0.4
-7 0.4

-16 0.005
-9 0.005
-5 0.8
-7 0.4
-9 0.4
-10 0.8
-12 0.4
-14 0.4

-21 0.8
-9 0.4
-5 0.4
-19 0.005
-15 0.005
-7 1.6

-16 0.005
-12 0.005
-7 0.8
-9 0.4
-10 0.4
-24 0.005
-9 0.4
-12 0.4
-12 0.4
-10 0.4

-21 0.005
-9 0.4
-7 0.4
-5 0.4
-7 0.4
-14 0.005
-7 0.4
-9 0.4
-10 0.4
-14 0.4

-19 0.005
-14 0.8
-19 0.005
-15 0.005
-12 2.4

-16 1.6
-9 0.8
-7 0.8

-16 0.005
-12 0.005
-9 0.005
-5 0.8
-7 0.4
-17 0.005
-12 0.005
-9 0.8
-10 0.8

-9 0.4
-10 0.4
-12 0.4
-14 0.4
-112 0.8
-14 0.8

-24 0.005
-21 0.005
-17 0.005
-9 0.4
-12 3.2
