

4 2.848
-9 0.543
-12 2.6316




-3 0.178


-10 0.543
-17 0.178

-1012 0.356

-17 0.178
-17 0.178
-10 0.178
-10 0.365
-17 0.178

-1012 0.356

-17 0.178
-17 0.178





-10 0.543
-17 0.178

-1012 0.356

-17 0.178
-17 0.178
-10 0.178
-10 0.365
-17 0.178

-1012 0.356
-1012 0.356



-3 0.178
-3 0.178
-7 0.178
-10 0.178

-1012 0.178

-10 0.178

-1012 0.178

-5 0.178

-1012 0.178

-5 0.178

-1012 0.178

-5 0.178
-1 0.178
-1 0.178
0 0.178
2 0.178
0 0.178
0 0.178
0 0.178
-5 0.178

-1012 0.178

-7 0.178

-1012 0.178

-3 0.178

-1012 0.178

-3 0.178

-1012 0.178

-3 0.178
-5 0.178
-5 0.178
-3 0.178
-5 0.178






-3 0.178
-3 0.178
-7 0.178
-10 0.178

-1012 0.178

-10 0.178

-1012 0.178

-5 0.178

-1012 0.178

-5 0.178

-1012 0.178

-5 0.178
-1 0.178
-1 0.178
0 0.178
2 0.178
0 0.178
0 0.178
0 0.178
-5 0.178

-1012 0.178

-7 0.178

-1012 0.178

-3 0.178

-1012 0.178

-3 0.178

-1012 0.178

-3 0.178
-5 0.178
-5 0.178
-3 0.178
-5 0.178











-3 0.178
-3 0.178
-7 0.178
-10 0.178

-1012 0.178

-10 0.178

-1012 0.178

-5 0.178

-1012 0.178

-5 0.178

-1012 0.178

-5 0.178
-1 0.178
-1 0.178
0 0.178
2 0.178
0 0.178
0 0.178
0 0.178
-5 0.178

-1012 0.178

-7 0.178

-1012 0.178



-3 0.178

-1012 0.178

-3 0.178

-1012 0.178

-3 0.178











9 0.365
7 0.178
5 0.543
5 0.365
3 0.178
2 0.365

-1012 1.246

-5 0.178
3 0.178
3 0.365
3 0.365
2 0.365

-1012 0.543

9 0.178

-1012 0.178

9 0.178
9 0.365
7 0.365
5 0.543
5 0.178
5 0.178
3 0.365
2 0.543

-1012 0.89

-5 0.178
3 0.365
3 0.178
3 0.365
2 0.178
0 0.178
0 0.365
2 0.365
3 0.178
2 0.089
3 0.089
2 0.178
0 0.365
-4 0.365
5 0.365
5 0.365
5 0.178
5 0.543

-1012 1.424

-3 0.178
0 0.178
0 0.178
0 0.178
0 0.178
0 0.178
0 0.178
-1 0.543
-1 0.178
-3 0.365

















-12 0.0445
-12 0.0445
-12 0.0445
-12 0.0445
-12 0.0445
-12 0.0445
-12 0.0445
-12 0.0445
-12 0.0445
-12 0.0445
-12 0.0445
-12 0.0445
-12 0.0445
-12 0.0445
-12 0.0445
-12 0.0445
-12 0.0445
-12 0.0445
-12 0.0445
-12 0.0445
-12 0.0445
-12 0.0445
-12 0.0445
-12 0.0445
-12 0.0445
-12 0.0445
-12 0.0445
-12 0.0445
-12 0.0445
-12 0.0445
-12 0.0445
-12 0.0445

-5 0.0445
-5 0.0445
-5 0.0445
-5 0.0445
-5 0.0445
-5 0.0445
-5 0.0445
-5 0.0445
-5 0.0445
-5 0.0445
-5 0.0445
-5 0.0445
-5 0.0445
-5 0.0445
-5 0.0445
-5 0.0445
-5 0.0445
-5 0.0445
-5 0.0445
-5 0.0445
-5 0.0445
-5 0.0445
-5 0.0445
-5 0.0445
-5 0.0445
-5 0.0445
-5 0.0445
-5 0.0445
-5 0.0445
-5 0.0445
-5 0.0445
-5 0.0445


-1 0.0445
-1 0.0445
-1 0.0445
-1 0.0445
-1 0.0445
-1 0.0445
-1 0.0445
-1 0.0445
-1 0.0445
-1 0.0445
-1 0.0445
-1 0.0445
-1 0.0445
-1 0.0445
-1 0.0445
-1 0.0445
-1 0.0445
-1 0.0445
-1 0.0445
-1 0.0445
-1 0.0445
-1 0.0445
-1 0.0445
-1 0.0445
-1 0.0445
-1 0.0445
-1 0.0445
-1 0.0445
-1 0.0445
-1 0.0445
-1 0.0445
-1 0.0445


7 0.365

-1012 0.178

9 0.543
7 0.365


0 0.0445
0 0.0445
0 0.0445
0 0.0445
0 0.0445
0 0.0445
0 0.0445
0 0.0445
0 0.0445
0 0.0445
0 0.0445
0 0.0445
0 0.0445
0 0.0445
0 0.0445
0 0.0445
0 0.0445
0 0.0445
0 0.0445
0 0.0445
0 0.0445
0 0.0445
0 0.0445
0 0.0445
0 0.0445
0 0.0445
0 0.0445
0 0.0445
0 0.0445
0 0.0445
0 0.0445
0 0.0445


7 0.0445
7 0.0445
7 0.0445
7 0.0445
7 0.0445
7 0.0445
7 0.0445
7 0.0445
7 0.0445
7 0.0445
7 0.0445
7 0.0445
7 0.0445
7 0.0445
7 0.0445
7 0.0445
7 0.0445
7 0.0445
7 0.0445
7 0.0445
7 0.0445
7 0.0445
7 0.0445
7 0.0445
7 0.0445
7 0.0445
7 0.0445
7 0.0445
7 0.0445
7 0.0445
7 0.0445
7 0.0445


9 0.0445
9 0.0445
9 0.0445
9 0.0445
9 0.0445
9 0.0445
9 0.0445
9 0.0445
9 0.0445
9 0.0445
9 0.0445
9 0.0445
9 0.0445
9 0.0445
9 0.0445
9 0.0445
9 0.0445
9 0.0445
9 0.0445
9 0.0445
9 0.0445
9 0.0445
9 0.0445
9 0.0445
9 0.0445
9 0.0445
9 0.0445
9 0.0445
9 0.0445
9 0.0445
9 0.0445
9 0.0445


7 0.365

-1012 0.178

9 0.543
7 0.365




3 0.0445
3 0.0445
3 0.0445
3 0.0445
3 0.0445
3 0.0445
3 0.0445
3 0.0445
3 0.0445
3 0.0445
3 0.0445
3 0.0445
3 0.0445
3 0.0445
3 0.0445
3 0.0445
3 0.0445
3 0.0445
3 0.0445
3 0.0445
3 0.0445
3 0.0445
3 0.0445
3 0.0445
3 0.0445
3 0.0445
3 0.0445
3 0.0445
3 0.0445
3 0.0445
3 0.0445
3 0.0445

11 0.0445
11 0.0445
11 0.0445
11 0.0445
11 0.0445
11 0.0445
11 0.0445
11 0.0445
11 0.0445
11 0.0445
11 0.0445
11 0.0445
11 0.0445
11 0.0445
11 0.0445
11 0.0445
11 0.0445
11 0.0445
11 0.0445
11 0.0445
11 0.0445
11 0.0445
11 0.0445
11 0.0445
11 0.0445
11 0.0445
11 0.0445
11 0.0445
11 0.0445
11 0.0445
11 0.0445
11 0.0445


12 0.0445
12 0.0445
12 0.0445
12 0.0445
12 0.0445
12 0.0445
12 0.0445
12 0.0445
12 0.0445
12 0.0445
12 0.0445
12 0.0445
12 0.0445
12 0.0445
12 0.0445
12 0.0445
12 0.0445
12 0.0445
12 0.0445
12 0.0445
12 0.0445
12 0.0445
12 0.0445
12 0.0445
12 0.0445
12 0.0445
12 0.0445
12 0.0445
12 0.0445
12 0.0445
12 0.0445
12 0.0445

-1012 0.365




2 0.178
3 0.178

-1012 0.365

2 0.178
0 0.712

7 0.0445
7 0.0445
7 0.0445
7 0.0445
7 0.0445
7 0.0445
7 0.0445
7 0.0445
7 0.0445
7 0.0445
7 0.0445
7 0.0445
7 0.0445
7 0.0445
7 0.0445
7 0.0445
7 0.0445
7 0.0445
7 0.0445
7 0.0445
7 0.0445
7 0.0445
7 0.0445
7 0.0445



7 0.0445
7 0.0445
7 0.0445
7 0.0445
7 0.0445
7 0.0445
7 0.0445
7 0.0445
7 0.0445
7 0.0445
7 0.0445
7 0.0445
7 0.0445
7 0.0445
7 0.0445
7 0.0445
7 0.0445
7 0.0445
7 0.0445
7 0.0445
7 0.0445
7 0.0445
7 0.0445
7 0.0445
7 0.0445
7 0.0445
7 0.0445
7 0.0445
7 0.0445
7 0.0445
7 0.0445
7 0.0445


7 0.0445
7 0.0445
7 0.0445
7 0.0445
7 0.0445
7 0.0445
7 0.0445
7 0.0445
7 0.0445
7 0.0445
7 0.0445
7 0.0445
7 0.0445
7 0.0445
7 0.0445
7 0.0445
7 0.0445
7 0.0445
7 0.0445
7 0.0445
7 0.0445
7 0.0445
7 0.0445
7 0.0445
7 0.0445
7 0.0445
7 0.0445
7 0.0445
7 0.0445
7 0.0445
7 0.0445
7 0.0445

7 0.0445
7 0.0445
7 0.0445
7 0.0445
8 0.0445
9 0.0445
10 0.0445
11 0.0445
12 0.0445
13 0.0445
14 0.0445
15 0.0445
16 0.0445
17 0.0445
18 0.0445
19 0.0445
