1 0.5880952380952381
1 0.30952380952380953
1 0.3404761904761905
1 0.5880952380952381
1 0.3404761904761905
1 0.30952380952380953
1 0.5880952380952381
-6 0.5571428571428572
-3 0.5880952380952381
1 0.6190476190476191
-1 0.5571428571428572
-1 0.3404761904761905
-1 0.3404761904761905
-1 0.5261904761904762
-1 0.3404761904761905
-1 0.3404761904761905
-1 0.5571428571428572
-6 0.5916326530612245
-3 0.6155102040816327
-1 0.5571428571428572
1 0.6190476190476191
1 0.30952380952380953
1 0.3404761904761905
1 0.5950113378684807
1 0.33356009070294784
1 0.30952380952380953
1 0.5880952380952381
3 0.5571428571428572
4 0.5880952380952381
6 0.5880952380952381
4 0.5880952380952381
1 0.65
-1 0.5880952380952381
-3 0.65
-6 0.9904761904761905
-6 0.37142857142857144
-6 1.3309523809523809
1 0.9904761904761905
1 0.3404761904761905
1 0.8976190476190476
1 0.37290249433106576
1 0.6485260770975056
-6 0.6190476190476191
-3 0.6190476190476191
1 0.65
-1 0.9595238095238096
-1 0.3404761904761905
-1 0.9285714285714286
-1 0.3404761904761905
-1 0.6847619047619048
-6 0.6461904761904762
-3 0.5880952380952381
-1 0.6190476190476191
1 0.9285714285714286
1 0.3404761904761905
1 0.8976190476190476
1 0.37142857142857144
1 0.5918367346938775
3 0.6348299319727891
4 0.5995238095238096
6 0.65
4 0.65
1 0.6121541950113378
-1 0.6878458049886621
-3 0.65
-6 1.0523809523809524
-6 0.3404761904761905
-6 6.097619047619047
-18 0.7119047619047619
-23 0.680952380952381
-18 0.680952380952381
-23 0.680952380952381
-18 0.6424943310657596
-23 0.6575056689342403
-18 0.65
-23 0.65
-20 0.65
-23 0.6345804988662131
-20 0.6654195011337869
-23 0.6434467120181406
-20 0.6565532879818594
-23 0.5880952380952381
-20 0.65
-23 0.6190476190476191
-18 0.680952380952381
-23 0.5880952380952381
-18 0.680952380952381
-23 0.6190476190476191
-18 0.6190476190476191
-23 0.65
-18 0.680952380952381
-23 0.65
-20 0.6190476190476191
-20 0.65
-20 0.7119047619047619
-20 0.65
-18 0.9233106575963719
-18 0.43859410430839
-18 1.3928571428571428
1 0.5880952380952381
1 0.30952380952380953
1 0.3404761904761905
1 0.5880952380952381
1 0.3404761904761905
1 0.30952380952380953
1 0.5880952380952381
-6 0.5571428571428572
-3 0.5880952380952381
1 0.6190476190476191
-1 0.5571428571428572
-1 0.3404761904761905
-1 0.3404761904761905
-1 0.5261904761904762
-1 0.3404761904761905
-1 0.3404761904761905
-1 0.5571428571428572
-6 0.5916326530612245
-3 0.6155102040816327
-1 0.5571428571428572
1 0.6190476190476191
1 0.30952380952380953
1 0.3404761904761905
1 0.5950113378684807
1 0.33356009070294784
1 0.30952380952380953
1 0.5880952380952381
3 0.5571428571428572
4 0.5880952380952381
6 0.5880952380952381
4 0.5880952380952381
1 0.65
-1 0.5880952380952381
-3 0.65
-6 0.9904761904761905
-6 0.37142857142857144
-6 1.3309523809523809
1 0.9904761904761905
1 0.3404761904761905
1 0.8976190476190476
1 0.37290249433106576
1 0.6485260770975056
-6 0.6190476190476191
-3 0.6190476190476191
1 0.65
-1 0.9595238095238096
-1 0.3404761904761905
-1 0.9285714285714286
-1 0.3404761904761905
-1 0.6847619047619048
-6 0.6461904761904762
-3 0.5880952380952381
-1 0.6190476190476191
1 0.9285714285714286
1 0.3404761904761905
1 0.8976190476190476
1 0.37142857142857144
1 0.5918367346938775
3 0.6348299319727891
4 0.5995238095238096
6 0.65
4 0.65
1 0.6121541950113378
-1 0.6878458049886621
-3 0.65
-6 1.0523809523809524
-6 0.3404761904761905
-6 6.097619047619047
