-12 0.680952380952381
0 0.18571428571428572
-2 0.09285714285714286
0 0.09285714285714286
-2 0.06190476190476191
0 0.12380952380952381
-2 0.09285714285714286
0 0.2785714285714286
-9 0.3729478458049887
-12 0.5246712018140589
-12 0.18571428571428572
-9 0.18571428571428572
-5 0.23505668934240362
-4 0.35303854875283447
-9 0.43333333333333335
-4 0.4093650793650794
-2 0.42634920634920637
-5 0.21666666666666667
-4 0.24761904761904763
-5 0.18571428571428572
-4 0.24761904761904763
-5 0.8666666666666667
-12 0.6190476190476191
0 0.18571428571428572
-2 0.09285714285714286
0 0.12380952380952381
-2 0.06190476190476191
0 0.10773242630385488
-2 0.1708390022675737
0 0.21666666666666667
-9 0.37142857142857144
-12 0.5261904761904762
-12 0.21666666666666667
-9 0.18571428571428572
-5 0.27179138321995466
-4 0.37820861678004536
-9 0.37142857142857144
-4 0.3966439909297052
-2 0.3462131519274376
-5 0.21666666666666667
-4 0.21666666666666667
-5 0.2785714285714286
-4 0.12380952380952381
-5 0.8357142857142857
-19 0.43333333333333335
-16 0.4023809523809524
-12 0.4315873015873016
-16 0.43507936507936507
-19 0.43333333333333335
-16 0.43333333333333335
-11 0.18571428571428572
-12 0.24761904761904763
-16 0.6190476190476191
-5 0.18571428571428572
-4 0.24761904761904763
-5 0.24761904761904763
-7 0.2301360544217687
-5 0.2341496598639456
-4 0.21666666666666667
-5 0.24761904761904763
-7 0.18571428571428572
-5 0.4553968253968254
-9 0.22555555555555556
-2 0.9595238095238096
3 0.24761904761904763
3 0.24761904761904763
3 0.21666666666666667
3 0.24761904761904763
3 0.4023809523809524
5 0.4642857142857143
2 0.44625850340136053
3 0.24773242630385486
2 0.7352607709750567
-5 0.4897959183673469
-4 0.24761904761904763
-5 0.2785714285714286
-7 0.15476190476190477
-5 0.2785714285714286
-4 0.19988662131519275
-5 0.2953514739229025
-7 0.18272108843537416
-5 0.46727891156462587
-9 0.2785714285714286
-2 0.9910884353741497
3 0.2779591836734694
3 0.27405895691609977
3 0.25213151927437644
3 0.2785714285714286
2 0.24761904761904763
3 0.2785714285714286
5 0.2785714285714286
3 0.24761904761904763
2 0.49523809523809526
3 0.2785714285714286
2 1.0833333333333333
-7 0.21666666666666667
-2 0.24761904761904763
-2 0.2785714285714286
-4 0.21666666666666667
-2 1.0141269841269842
0 0.4096825396825397
0 0.3404761904761905
0 0.8976190476190476
1 0.43333333333333335
1 0.2785714285714286
1 0.5571428571428572
1 1.207142857142857
-2 2.2675736961451248E-5
-5 2.2675736961451248E-5
3 1.0832879818594103
