-62 0.125

-4 0.125
-4 0.125
-4 0.125
-4 0.125
-7 0.125

-62 0.125

-7 0.125
-4 0.125
-4 0.125
-4 0.125
-7 0.125

-62 0.125

3 0.125
1 0.125
3 0.125

-62 0.125

-4 0.125
-4 0.125
-4 0.125
-4 0.125
-7 0.125

-62 0.125

0 0.125

-62 0.125

-2 0.125

-62 0.125

-4 0.125

-62 0.125

-2 0.125

-62 0.125
-62 0.125
-62 0.125

-2 0.125
-2 0.125
-2 0.125
-2 0.125
-6 0.125

-62 0.125

0 0.125

-62 0.125

-2 0.125

-62 0.125

-4 0.125

-62 0.125

-6 0.125

-62 0.125

-7 0.125

-62 0.125

-7 0.125
0 0.125
3 0.125
2 0.375
-7 0.125

-62 0.125

-7 0.125
0 0.125
3 0.125
2 0.25

7 0.125
8 0.125

-62 0.125

-4 0.125
-4 0.125
-4 0.125
-4 0.125
-7 0.125

-62 0.125

-7 0.125
-4 0.125
-4 0.125
-4 0.125
-7 0.125

-62 0.125

3 0.125
1 0.125
3 0.125

-62 0.125

-4 0.125
-4 0.125
-4 0.125
-4 0.125
-7 0.125

-62 0.125

0 0.125

-62 0.125

-2 0.125

-62 0.125

-4 0.125

-62 0.125

-2 0.125

-62 0.125
-62 0.125
-62 0.125

-2 0.125
-2 0.125
-2 0.125
-2 0.125
-6 0.125

-62 0.125

0 0.125

-62 0.125

-2 0.125

-62 0.125

-4 0.125

-62 0.125

-6 0.125

-62 0.125

-7 0.125

-62 0.125

-7 0.125
0 0.125
3 0.125
2 0.375
-7 0.125

-62 0.125

-7 0.125
0 0.125
3 0.125
2 0.25

3 0.125
5 0.875
3 0.125
8 0.25
5 0.25
3 0.25
5 0.375
3 0.5

3 0.125
5 0.375
0 0.125
1 0.125
0 0.125
-4 0.125

-62 0.125

-4 0.125
0 0.125

3 0.125
5 0.875
3 0.125
8 0.25
5 0.25
3 0.25
5 0.25
3 0.625

3 0.125
0 0.125
3 0.125
4 0.125

-62 0.125

4 0.125
4 0.125
7 0.125
12 0.5

-62 0.125

-4 0.125
-4 0.125
-4 0.125
-4 0.125
-7 0.125

-62 0.125

-7 0.125
-4 0.125
-4 0.125
-4 0.125
-7 0.125

-62 0.125

3 0.125
1 0.125
3 0.125

-62 0.125

-4 0.125
-4 0.125
-4 0.125
-4 0.125
-7 0.125

-62 0.125

0 0.125

-62 0.125

-2 0.125

-62 0.125

-4 0.125

-62 0.125

-2 0.125

-62 0.125
-62 0.125
-62 0.125

-2 0.125
-2 0.125
-2 0.125
-2 0.125
-6 0.125

-62 0.125

0 0.125

-62 0.125

-2 0.125

-62 0.125

-4 0.125

-62 0.125

-6 0.125

-62 0.125

-7 0.125

-62 0.125

-7 0.125
0 0.125
3 0.125
2 0.375
-7 0.125

-62 0.125

-7 0.125
0 0.125
3 0.125
2 0.25

3 0.125
5 0.625
5 0.25
3 0.125
5 0.125

-62 0.125

8 0.375
12 0.125
10 0.125
8 0.125
7 0.125
5 0.5
5 0.25
3 0.125
5 0.125

-62 0.125

8 0.375
8 0.125
10 0.125
8 0.25

7 0.5
7 0.125
5 0.125
3 0.125
12 0.375
10 0.25
8 0.25
7 0.25
7 0.125
8 0.125
7 0.125
5 1.375

3 0.125
5 0.875

3 0.125
8 0.25
5 0.25
3 0.25
5 0.375
3 0.5

3 0.125
5 0.375
0 0.125
1 0.125
0 0.125
-4 0.125

-62 0.125

-4 0.125
0 0.125
3 0.125
5 0.75

3 0.125
8 0.25
5 0.25
3 0.25
5 0.25
3 0.625

3 0.125
0 0.125
3 0.125
4 0.125

-62 0.125

4 0.125
4 0.125
7 0.125
12 0.375

-4 0.125

-62 0.125

-4 0.125
-4 0.125
-5 0.125
-4 0.25

5 0.125
3 0.25
1 0.25
0 0.375
-2 0.25
-2 0.125

-62 0.125

0 0.125
0 0.25
0 0.25

-62 0.125

-2 0.125

-62 0.125

0 0.125
0 0.25
0 0.25
-2 0.125
-4 0.125

-62 0.125

-4 0.125
-4 0.125
-5 0.125
-4 0.25

5 0.125
3 0.25
1 0.25
0 0.25
-2 0.375

-5 0.125
-4 0.125
-5 0.125
-7 1.625
