-11 1.333
-11 0.166
-11 0.166
-11 0.166
-11 0.166

-11 0.333
-11 0.166
-11 0.833
-11 0.166
-11 0.166
-11 0.166
-11 0.166

-11 0.333
-11 0.166
-11 0.833
-11 0.166
-11 0.166
-11 0.166
-11 0.166

-20 0.0
-16 0.125
-16 0.125
-16 0.25
-16 0.125
-16 0.125
-16 0.25
-16 0.125
-16 0.125
-16 0.25
-16 0.25

-19 0.0
-19 0.0
-19 0.166
-21 0.166
-16 0.375
-11 0.125
-11 0.125
-9 0.125
-7 0.125
-6 0.125

-13 0.0
-11 0.125
-11 0.125
-9 0.125
-7 0.125
-6 0.125
-4 0.25
-4 0.25
-13 0.0
-11 0.0
-9 0.0

-8 0.0
-15 0.125
-15 0.125
-13 0.125
-11 0.125
-9 0.125
-8 0.0
1 0.083
-8 0.083
-8 0.0
-9 0.0
-11 0.0

-8 0.0
-13 0.0
-13 0.0
-13 0.166
-15 0.166
-13 0.333
-13 0.166
-13 0.0
-15 0.166
-13 0.166

-15 0.0
-15 0.0
-16 0.0
-15 0.0
-15 0.125
-13 0.125
-11 0.5
-13 0.0
-15 0.0

-16 0.0
-16 0.0
-18 0.0
-16 0.0
-16 0.125
-15 0.125
-13 0.5
-15 0.0
-16 0.0

-17 0.0
-9 0.125
-7 0.125
-17 0.0
-16 0.125
-14 0.25
-14 0.125
-12 0.125
-11 0.0
-9 0.25

-12 0.0
-16 0.125
-16 0.125
-16 0.25
-16 0.125
-16 0.125
-16 0.25
-16 0.125
-16 0.125
-16 0.25
-16 0.25

-11 0.5
-16 0.166
-19 0.166
-21 0.166
-19 0.375
-11 0.125
-11 0.125
-9 0.125
-7 0.125
-6 0.125

-13 0.0
-11 0.125
-11 0.125
-9 0.125
-7 0.125
-6 0.125
-4 0.25
-4 0.25
-13 0.0
-11 0.0
-9 0.0

-8 0.0
-5 0.0

-6 0.0
-9 0.0
-12 0.0

-10 0.0
-8 0.0

-9 0.0
-12 0.0
-12 0.0

-10 0.0
-8 0.0

-9 0.0
-12 0.0
-12 0.0

-15 0.0
-10 0.0

-11 0.0
-16 0.0
-8 0.0

-17 0.0
-9 0.125
-7 0.125
-17 0.0
-16 0.125
-14 0.25
-14 0.125
-12 0.125
-11 0.0
-9 0.25

-4 0.25
-16 0.125
-16 0.125
-16 0.25
-16 0.125
-16 0.125
-16 0.25
-16 0.125
-16 0.125
-16 0.25
-16 0.25

-19 0.0
-19 0.0
-19 0.166
-21 0.166
-16 0.375
-11 0.125
-11 0.125
-9 0.125
-7 0.125
-6 0.125

-13 0.0
-11 0.125
-11 0.125
-9 0.125
-7 0.125
-6 0.125
-4 0.25
-4 0.25
-13 0.0
-11 0.0
-9 0.0

-8 0.0
-15 0.125
-15 0.125
-13 0.125
-11 0.125
-9 0.125
-8 0.0
1 0.083
-8 0.083
-8 0.0
-9 0.0
-11 0.0

-8 0.0
-13 0.0
-13 0.0
-13 0.166
-15 0.166
-13 0.333
-13 0.166
-13 0.0
-15 0.166
-13 0.166

-15 0.0
-15 0.0
-16 0.0
-15 0.0
-15 0.125
-13 0.125
-11 0.5
-13 0.0
-15 0.0

-16 0.0
-16 0.0
-18 0.0
-16 0.0
-16 0.125
-15 0.125
-13 0.5
-15 0.0
-16 0.0

-17 0.0
-9 0.125
-7 0.125
-17 0.0
-16 0.125
-14 0.25
-14 0.125
-12 0.125
-11 0.0
-9 0.25

-12 0.0
-16 0.125
-16 0.125
-16 0.25
-16 0.125
-16 0.125
-16 0.25
-16 0.125
-16 0.125
-16 0.25
-16 0.25

-11 0.5
-16 0.166
-19 0.166
-21 0.166
-19 0.375
-11 0.125
-11 0.125
-9 0.125
-7 0.125
-6 0.125

-13 0.0
-11 0.125
-11 0.125
-9 0.125
-7 0.125
-6 0.125
-4 0.25
-4 0.25
-13 0.0
-11 0.0
-9 0.0

-8 0.0
-5 0.0

-6 0.0
-9 0.0
-12 0.0

-10 0.0
-8 0.0

-9 0.0
-12 0.0
-12 0.0

-10 0.0
-8 0.0

-9 0.0
-12 0.0
-12 0.0

-15 0.0
-10 0.0

-11 0.0
-16 0.0
-8 0.0

-17 0.0
-9 0.125
-7 0.125
-17 0.0
-16 0.125
-14 0.25
-14 0.125
-12 0.125
-11 0.0
-9 0.25

-4 0.25
-16 0.125
-16 0.125
-16 0.25
-16 0.125
-16 0.125
-16 0.25
-16 0.125
-16 0.125
-16 0.25
-16 0.25
